0 30.724453
1 32.454693
2 35.895992
3 37.872707
4 35.157242
5 37.539307
6 34.350201
7 28.309225
8 35.367172
9 29.390871
10 27.599916
11 30.844320
12 27.305437
13 36.828232
14 26.623535
15 31.169340
16 28.828825
17 31.033676
18 32.049175
19 27.882338
20 27.628431
21 28.839069
22 27.915354
23 28.620527
24 25.355751
25 35.460575
26 23.618782
27 25.242445
28 27.568642
29 28.325418
30 34.044788
31 27.565517
32 25.741045
33 22.265800
34 28.178013
35 26.003174
36 23.515171
37 33.236553
38 23.405991
39 21.832716
40 23.874048
41 22.895752
42 24.080225
43 25.947258
44 24.575117
45 23.256687
46 20.973635
47 29.401358
48 27.429150
49 25.497597
50 27.509111
51 27.777035
52 22.496962
53 26.035580
54 26.481649
55 19.430128
56 30.318007
57 20.027912
58 22.292255
59 28.993374
60 20.235786
61 22.468662
62 24.279579
63 19.028402
64 26.850014
65 17.543736
66 25.629589
67 19.335323
68 26.883030
69 21.357128
70 22.462307
71 24.657074
72 17.985634
73 22.879236
74 16.327209
75 19.704370
76 22.813240
77 19.409966
78 26.798700
79 23.130575
80 26.113350
81 31.333673
82 22.566008
83 27.113493
84 20.388630
85 20.287283
86 18.296404
87 23.054399
88 21.726233
89 21.969301
90 23.753010
91 20.038137
92 16.457762
93 21.171196
94 24.009853
95 18.687643
96 20.750784
97 14.138346
98 19.157324
99 19.219389
100 21.478354
101 16.634268
102 28.050699
103 26.506247
104 17.602583
105 23.884541
106 19.477503
107 21.751917
108 21.986994
109 19.641212
110 14.613291
111 26.558674
112 16.031225
113 14.942141
114 23.783554
115 22.345032
116 19.665379
117 18.623394
118 17.838902
119 20.271723
120 21.665066
121 15.164706
122 20.800566
123 20.130152
124 19.126001
125 21.271931
126 18.921053
127 19.352322
128 22.772135
129 20.187651
130 12.931270
131 21.857883
132 23.616817
133 18.380287
134 15.959000
135 20.498556
136 13.658879
137 24.356899
138 21.437519
139 18.237917
140 20.654873
141 21.872524
142 16.501024
143 23.923700
144 20.811253
145 28.482430
146 15.210671
147 20.016521
148 21.729406
149 19.910435
150 17.814491
151 21.585861
152 19.295540
153 20.047066
154 16.198444
155 13.116503
156 24.802773
157 16.910225
158 15.342972
159 20.100098
160 13.146397
161 19.484467
162 11.026777
163 23.537760
164 22.679131
165 25.167444
166 17.582640
167 16.863054
168 25.779806
169 15.432741
170 18.866091
171 16.705875
172 23.711439
173 18.622145
174 18.182735
175 22.640907
176 16.838240
177 22.350149
178 15.438577
179 16.080776
180 19.856337
181 14.526499
182 16.654209
183 17.049902
184 21.238033
185 14.095735
186 14.532241
187 14.502287
188 14.415327
189 22.218246
190 21.067915
191 13.101105
192 10.025386
193 21.184311
194 17.202522
195 22.933397
196 23.973352
197 22.257320
198 20.594660
199 18.978533
200 22.201889
201 20.775776
202 18.117989
203 13.711441
204 19.204084
205 19.699514
206 18.402575
207 19.277056
208 20.362705
209 21.228891
210 19.859283
211 21.500147
212 23.549910
213 17.302000
214 24.962799
215 18.988272
216 21.024733
217 29.525217
218 25.440989
219 25.004242
220 14.862822
221 17.951963
222 18.897072
223 14.458530
224 13.888448
225 19.699415
226 21.181011
227 21.592876
228 24.430136
229 16.647314
230 23.499302
231 18.766310
232 26.849951
233 15.352824
234 14.381999
235 20.414892
236 18.414005
237 24.146254
238 15.940421
239 21.903316
240 19.959988
241 18.498737
242 24.334394
243 24.477028
244 33.526737
245 19.902273
246 26.999010
247 21.749983
248 21.115744
249 22.000807
250 27.939623
251 20.981947
252 16.047632
253 23.609810
254 14.409250
255 20.858662
256 19.292843
257 27.003954
258 13.087478
259 22.763096
260 18.053774
261 25.397148
262 13.639801
263 17.702253
264 12.645787
265 25.955839
266 18.984308
267 14.746745
268 17.859545
269 21.223797
270 18.018555
271 21.590971
272 12.624507
273 13.718357
274 18.660496
275 16.004120
276 12.018639
277 14.100740
278 28.054251
279 14.018367
280 15.357863
281 21.345295
282 23.105448
283 21.555616
284 21.962053
285 22.932508
286 17.600241
287 20.009176
288 17.086884
289 18.949196
290 20.118523
291 19.600302
292 20.264896
293 23.475046
294 25.722338
295 16.015596
296 18.343267
297 19.732868
298 15.776415
299 18.237040
300 20.003490
301 16.338121
302 21.799891
303 17.810305
304 16.676477
305 12.183407
306 22.420113
307 14.729062
308 24.591496
309 28.654140
310 20.264004
311 18.549362
312 25.310585
313 18.457920
314 15.254848
315 20.785034
316 18.671515
317 13.553818
318 14.027864
319 12.477204
320 20.256077
321 20.332678
322 15.495534
323 14.237747
324 14.404490
325 16.492226
326 14.439514
327 20.403507
328 15.379713
329 17.472544
330 14.650229
331 21.597641
332 13.340550
333 19.044708
334 17.867798
335 18.065413
336 12.008823
337 14.094358
338 24.133436
339 17.177786
340 13.953017
341 18.543736
342 21.893702
343 18.892151
344 23.082655
345 10.440666
346 14.149878
347 8.831573
348 21.493481
349 11.910703
350 17.840767
351 13.254679
352 19.837145
353 11.181027
354 13.302385
355 13.012512
356 23.593281
357 14.094443
358 14.999399
359 13.759392
360 19.064213
361 19.078403
362 20.706493
363 11.016372
364 18.051575
365 16.015690
366 13.309092
367 14.023391
368 12.665777
369 15.749173
370 13.029355
371 11.077925
372 17.078999
373 24.672348
374 19.233728
375 18.025141
376 9.155199
377 14.311528
378 17.160273
379 12.635127
380 16.888548
381 13.862250
382 20.279840
383 18.326948
384 15.525720
385 10.070441
386 11.260756
387 17.474821
388 11.282331
389 17.211609
390 14.439509
391 14.672203
392 13.100056
393 21.024521
394 17.744349
395 18.089838
396 12.704834
397 17.293232
398 24.544722
399 16.204041
400 12.807602
401 12.384617
402 12.182051
403 9.517309
404 19.119942
405 10.168714
406 17.697058
407 17.452688
408 18.346701
409 10.170778
410 11.165319
411 11.856142
412 11.362588
413 13.262496
414 15.946274
415 10.318204
416 16.562599
417 14.684045
418 10.669621
419 18.203745
420 12.653790
421 10.357231
422 23.476313
423 15.919270
424 23.407007
425 11.119751
426 17.291708
427 19.895901
428 16.580410
429 20.749704
430 7.523582
431 9.437939
432 13.651884
433 14.701212
434 18.165068
435 19.482161
436 15.324365
437 21.242727
438 11.798620
439 18.935305
440 13.731342
441 14.283544
442 14.725770
443 12.348726
444 11.842226
445 17.864929
446 22.142155
447 21.001230
448 11.941617
449 23.455353
450 10.213519
451 19.511843
452 15.654469
453 18.031939
454 16.226776
455 18.062517
456 10.223499
457 15.047050
458 12.183315
459 16.949507
460 10.555390
461 20.051458
462 17.275970
463 21.824907
464 17.236235
465 16.628679
466 14.147845
467 11.583636
468 16.555901
469 12.996423
470 23.401133
471 14.052353
472 22.356520
473 9.812657
474 16.377243
475 9.193584
476 13.509938
477 22.824991
478 9.889629
479 12.247146
480 13.822288
481 20.527042
482 11.916779
483 11.759082
484 13.914719
485 12.684929
486 13.548594
487 12.673440
488 14.599149
489 11.687373
490 8.575644
491 13.713502
492 28.605469
493 15.906350
494 12.807214
495 11.230888
496 14.501296
497 11.083275
498 10.272651
499 8.216434
500 10.168616
501 7.859358
502 21.921797
503 10.911228
504 10.478086
505 13.108773
506 25.650948
507 15.484763
508 14.691788
509 12.827991
510 9.674383
511 17.126951
512 12.909560
513 17.804358
514 9.279519
515 11.652824
516 6.894886
517 12.010835
518 13.791843
519 16.949057
520 10.727140
521 16.892199
522 13.161955
523 12.909966
524 13.893247
525 8.785704
526 10.376408
527 13.676350
528 15.962753
529 14.071467
530 12.139052
531 10.924609
532 11.818678
533 10.833227
534 9.621750
535 14.879827
536 10.911552
537 8.053433
538 10.511154
539 12.715901
540 7.720824
541 10.942685
542 12.627797
543 15.894580
544 18.541069
545 11.499080
546 13.422228
547 15.361032
548 13.892400
549 16.015736
550 8.545999
551 20.004873
552 17.567299
553 10.356688
554 11.329409
555 9.933476
556 12.358704
557 15.058469
558 13.865679
559 20.462196
560 15.622141
561 9.247560
562 12.240932
563 10.156639
564 20.326952
565 20.371254
566 13.630427
567 8.834064
568 10.948906
569 12.435849
570 16.956966
571 8.612382
572 15.876736
573 11.892434
574 9.579405
575 10.008368
576 6.237970
577 9.627498
578 9.511695
579 19.882221
580 11.580460
581 15.370503
582 11.274659
583 16.807524
584 12.768514
585 12.343473
586 13.559675
587 16.332060
588 9.549069
589 13.893543
590 15.044914
591 13.307125
592 20.169567
593 15.627001
594 17.597353
595 11.011863
596 10.096049
597 8.923269
598 15.217878
599 13.125424
600 14.889209
601 10.662214
602 21.099901
603 20.791233
604 10.767490
605 21.536201
606 15.720035
607 12.496575
608 13.139937
609 10.318159
610 7.671449
611 10.012111
612 16.263083
613 7.469820
614 11.595081
615 9.121625
616 11.014744
617 11.678484
618 8.305456
619 14.204200
620 14.374151
621 15.444560
622 29.401449
623 10.287912
624 17.316017
625 15.804781
626 11.459826
627 17.001900
628 6.275958
629 9.050696
630 7.790084
631 8.490496
632 9.739256
633 9.217315
634 9.592380
635 11.076274
636 14.346040
637 9.478715
638 13.848829
639 15.198149
640 10.619347
641 16.846945
642 11.414351
643 8.697036
644 8.178338
645 12.437888
646 10.941971
647 5.982734
648 8.797566
649 13.441252
650 10.289075
651 8.730316
652 12.530849
653 11.969271
654 8.098418
655 15.926006
656 13.494421
657 9.428074
658 7.130262
659 5.274858
660 10.495741
661 15.492407
662 8.551222
663 14.209225
664 4.733601
665 15.022440
666 14.081008
667 7.627234
668 13.677945
669 19.983480
670 6.612425
671 12.341058
672 17.474487
673 15.005110
674 6.267775
675 10.963593
676 12.983392
677 3.448928
678 9.610078
679 9.010899
680 10.368546
681 19.090666
682 18.081795
683 13.834434
684 15.327512
685 11.243905
686 8.028552
687 9.130652
688 13.849358
689 11.162520
690 8.447254
691 12.053815
692 15.285668
693 11.599924
694 8.362432
695 10.967703
696 9.297337
697 16.927568
698 11.072889
699 8.972111
700 3.622912
701 11.431897
702 7.088550
703 7.788277
704 8.577489
705 10.733258
706 6.178619
707 7.837161
708 5.175021
709 5.225222
710 9.145020
711 10.164647
712 9.911758
713 9.396946
714 11.572034
715 7.490194
716 12.856445
717 7.252264
718 10.566419
719 15.104619
720 7.168988
721 7.959153
722 10.618696
723 6.496184
724 21.370653
725 8.898664
726 4.965708
727 13.985807
728 10.639645
729 9.923815
730 5.126563
731 7.761386
732 4.546919
733 10.572256
734 7.723313
735 7.393372
736 15.027877
737 11.086075
738 7.978117
739 11.983164
740 10.546750
741 4.463824
742 6.736313
743 11.209082
744 7.316359
745 16.319098
746 7.410057
747 10.434221
748 8.213190
749 8.255111
750 8.484260
751 6.120577
752 7.731736
753 6.883336
754 7.635828
755 6.898591
756 8.573745
757 6.036478
758 12.275908
759 12.716728
760 6.259245
761 10.180744
762 7.964422
763 10.487812
764 10.995132
765 18.517834
766 19.315340
767 16.271065
768 22.731974
769 18.782408
770 19.599997
771 22.765743
772 21.120617
773 16.826435
774 13.625132
775 18.097399
776 20.013315
777 20.861332
778 15.803994
779 21.137943
780 14.850305
781 19.960894
782 24.334564
783 14.558782
784 19.162855
785 20.282240
786 16.262215
787 11.412894
788 28.255121
789 18.184841
790 21.343281
791 10.850657
792 17.895424
793 18.102215
794 18.933109
795 20.627728
796 25.245190
797 17.866533
798 15.321347
799 24.769472
800 23.360399
801 18.767725
802 21.226488
803 19.336590
804 9.915673
805 10.212281
806 11.144118
807 12.333753
808 17.609369
809 13.799221
810 20.789179
811 26.483236
812 13.690954
813 20.198744
814 17.528852
815 24.483749
816 20.785269
817 15.907307
818 17.723166
819 10.116243
820 18.016823
821 10.035202
822 19.816774
823 18.443953
824 14.696630
825 19.166571
826 23.832449
827 14.976128
828 13.127684
829 12.797786
830 17.913330
831 19.707392
832 17.650978
833 16.892267
834 22.005762
835 16.034513
836 26.542196
837 12.706889
838 22.073271
839 17.659437
840 14.226665
841 19.611031
842 15.416467
843 11.365894
844 14.657004
845 13.012019
846 17.335608
847 14.831757
848 16.555943
849 15.547430
850 12.851660
851 21.949038
852 11.297033
853 17.111471
854 18.216509
855 18.288542
856 12.309241
857 12.510473
858 10.235403
859 21.484955
860 16.631809
861 11.480714
862 16.622305
863 9.138087
864 7.363049
865 12.255001
866 18.960190
867 10.847029
868 9.421851
869 12.109499
870 13.124043
871 9.616346
872 10.785202
873 14.302126
874 11.248284
875 11.687840
876 7.985878
877 12.295382
878 17.431438
879 12.329029
880 14.423601
881 15.287391
882 9.338320
883 14.932785
884 7.895084
885 9.493452
886 10.435832
887 7.760148
888 15.292616
889 10.290885
890 8.535036
891 5.412416
892 21.828108
893 11.058247
894 14.304603
895 10.702902
896 8.415852
897 30.745207
898 21.935810
899 10.802818
900 10.056617
901 12.044385
902 12.804594
903 12.707211
904 7.865914
905 8.672108
906 9.060239
907 18.409462
908 8.753783
909 5.260594
910 9.321467
911 18.379055
912 8.874511
913 9.046750
914 16.833830
915 13.165817
916 7.908647
917 11.899440
918 13.745244
919 8.243370
920 13.909426
921 8.717182
922 17.649414
923 6.400362
924 11.023928
925 10.398280
926 9.777681
927 21.409687
928 4.952123
929 10.797204
930 9.371828
931 12.319377
932 12.081702
933 10.817114
934 10.413414
935 18.001781
936 11.965569
937 21.031443
938 8.625682
939 13.313351
940 22.870731
941 17.489122
942 7.813803
943 6.710134
944 11.853185
945 15.728444
946 14.517536
947 7.734820
948 6.633265
949 12.795847
950 16.603315
951 11.678930
952 10.685864
953 8.120604
954 8.531903
955 9.519282
956 11.608036
957 8.979675
958 14.585778
959 12.209069
960 14.556432
961 6.893816
962 11.515415
963 5.904319
964 7.801778
965 8.242619
966 11.003675
967 9.030461
968 10.799096
969 9.403038
970 5.301368
971 8.082812
972 24.243784
973 15.506540
974 7.878122
975 6.428008
976 8.896479
977 11.079861
978 13.449565
979 5.723633
980 15.167280
981 16.073320
982 6.408550
983 8.766697
984 11.343214
985 7.990821
986 5.744356
987 8.782477
988 6.239871
989 6.173799
990 9.951369
991 9.703383
992 8.854950
993 6.082331
994 10.269341
995 16.907635
996 12.609282
997 7.114194
998 12.848475
999 7.331355
1000 18.819344
1001 14.398519
1002 7.350763
1003 8.284027
1004 20.322392
1005 4.816365
1006 9.743861
1007 8.195758
1008 19.798208
1009 8.584116
1010 10.294674
1011 7.040960
1012 6.042015
1013 6.575591
1014 9.563438
1015 19.778286
1016 12.680544
1017 10.610996
1018 12.795510
1019 9.406265
1020 7.143868
1021 14.786757
1022 3.461431
1023 11.076045
1024 7.472508
1025 4.648863
1026 12.505258
1027 8.124136
1028 6.982461
1029 6.452349
1030 5.814226
1031 15.201290
1032 8.831958
1033 12.617299
1034 12.282903
1035 6.529518
1036 5.750275
1037 12.062193
1038 15.400580
1039 3.135174
1040 11.478359
1041 11.597578
1042 4.733046
1043 12.894265
1044 13.854475
1045 6.010531
1046 7.155372
1047 11.705014
1048 7.294055
1049 11.200718
1050 14.594036
1051 11.458088
1052 10.722311
1053 9.844459
1054 8.883776
1055 12.523870
1056 6.809886
1057 12.378679
1058 8.767938
1059 7.043138
1060 10.025384
1061 7.893990
1062 9.965336
1063 6.182716
1064 8.781124
1065 7.563174
1066 7.061251
1067 11.569416
1068 8.529575
1069 7.906438
1070 10.414016
1071 7.338340
1072 16.860708
1073 12.314763
1074 10.624061
1075 13.282551
1076 12.535422
1077 5.685183
1078 6.750752
1079 12.749900
1080 12.296992
1081 15.062722
1082 14.687371
1083 14.505012
1084 7.335405
1085 9.299410
1086 5.704674
1087 11.353810
1088 6.942152
1089 11.799286
1090 6.094430
1091 10.032471
1092 9.655117
1093 9.920212
1094 5.350261
1095 13.303263
1096 12.486400
1097 10.931523
1098 24.160902
1099 7.703910
1100 10.207064
1101 7.045083
1102 4.250134
1103 13.563799
1104 9.803673
1105 7.648249
1106 6.563307
1107 15.559016
1108 14.565190
1109 7.769281
1110 4.534667
1111 6.757994
1112 8.742381
1113 12.023525
1114 8.976564
1115 9.938459
1116 7.518175
1117 12.011262
1118 4.569850
1119 13.996918
1120 7.854990
1121 7.960499
1122 8.467542
1123 6.785092
1124 8.762228
1125 8.943299
1126 5.956661
1127 7.706263
1128 16.468815
1129 6.885870
1130 15.919756
1131 5.072001
1132 9.319289
1133 14.783667
1134 10.425791
1135 5.651827
1136 8.335690
1137 10.644741
1138 6.877509
1139 8.979653
1140 7.061642
1141 3.842058
1142 6.010522
1143 6.231460
1144 6.884679
1145 9.149017
1146 4.855654
1147 9.919906
1148 7.441296
1149 9.002535
1150 12.385241
1151 11.068542
1152 14.337082
1153 11.321328
1154 10.674858
1155 13.160668
1156 9.262827
1157 9.913779
1158 8.994212
1159 4.420280
1160 6.993670
1161 19.339691
1162 5.556361
1163 10.877916
1164 6.676782
1165 6.828954
1166 12.183996
1167 10.299234
1168 13.301104
1169 5.539286
1170 7.809097
1171 8.893774
1172 7.871285
1173 11.330281
1174 13.548804
1175 4.972549
1176 5.921341
1177 9.708986
1178 15.714705
1179 11.610837
1180 7.204238
1181 8.581294
1182 8.568041
1183 7.412066
1184 6.744590
1185 7.036822
1186 4.466480
1187 8.979650
1188 13.980757
1189 8.725747
1190 7.833780
1191 8.995217
1192 6.287055
1193 12.801115
1194 12.233873
1195 11.225735
1196 11.643348
1197 10.427483
1198 7.849146
1199 12.816987
1200 6.763010
1201 3.415666
1202 12.332578
1203 6.243232
1204 8.595819
1205 11.396305
1206 14.043348
1207 11.985615
1208 16.188438
1209 11.218654
1210 10.236935
1211 25.122040
1212 10.916837
1213 10.563884
1214 13.764548
1215 10.351602
1216 8.356248
1217 11.455161
1218 5.460569
1219 7.358275
1220 15.742218
1221 5.982821
1222 7.540908
1223 11.077669
1224 7.482251
1225 7.080068
1226 9.527433
1227 12.721736
1228 5.808146
1229 5.948357
1230 6.221861
1231 7.053044
1232 8.453483
1233 4.916578
1234 7.047221
1235 8.021876
1236 10.278108
1237 10.008772
1238 8.665213
1239 21.942303
1240 7.615417
1241 7.519061
1242 14.635737
1243 15.995402
1244 3.881785
1245 11.822712
1246 3.282582
1247 6.714330
1248 7.745326
1249 16.841064
1250 6.898902
1251 7.112308
1252 9.338223
1253 7.748957
1254 7.880508
1255 5.786199
1256 6.414782
1257 5.991533
1258 6.750467
1259 16.721214
1260 5.591004
1261 7.932180
1262 7.060099
1263 6.103213
1264 8.612197
1265 8.772419
1266 8.599995
1267 7.219126
1268 7.849479
1269 4.234992
1270 6.975681
1271 6.819164
1272 7.129427
1273 7.563793
1274 3.352650
1275 2.867256
1276 6.952109
1277 10.890662
1278 6.370901
1279 4.161728
1280 7.689349
1281 9.672256
1282 5.442919
1283 5.521786
1284 10.870502
1285 4.481659
1286 6.372487
1287 6.452962
1288 5.007501
1289 6.260474
1290 4.125453
1291 3.166629
1292 5.687540
1293 8.795236
1294 8.089562
1295 10.273784
1296 4.287391
1297 6.940444
1298 8.922801
1299 4.168603
1300 7.007513
1301 19.512276
1302 7.825636
1303 3.964801
1304 10.259944
1305 6.007021
1306 16.752714
1307 10.953906
1308 10.641721
1309 4.361073
1310 4.888535
1311 9.091965
1312 9.846810
1313 12.631152
1314 9.780296
1315 9.206203
1316 8.772999
1317 4.249931
1318 6.828385
1319 5.452011
1320 12.535585
1321 4.250110
1322 11.155811
1323 8.641627
1324 6.602789
1325 7.009685
1326 12.520181
1327 6.138766
1328 5.884099
1329 6.378103
1330 4.692093
1331 7.365407
1332 3.465332
1333 3.860859
1334 8.384116
1335 5.323489
1336 6.572075
1337 6.858663
1338 3.348006
1339 3.620322
1340 7.951220
1341 6.143990
1342 10.205026
1343 7.647215
1344 5.277202
1345 8.598500
1346 10.524097
1347 4.899208
1348 6.272197
1349 5.954605
1350 9.964375
1351 4.166276
1352 7.694652
1353 6.693092
1354 3.579131
1355 10.531782
1356 4.293530
1357 3.535959
1358 7.388880
1359 8.808216
1360 3.286018
1361 7.128578
1362 6.107619
1363 8.894394
1364 3.553179
1365 5.648434
1366 5.607325
1367 5.033653
1368 6.602012
1369 5.847251
1370 4.533507
1371 5.041279
1372 11.015841
1373 6.277042
1374 4.261891
1375 7.772735
1376 12.126058
1377 9.991232
1378 8.778510
1379 2.370831
1380 7.756322
1381 11.784917
1382 7.379159
1383 4.650925
1384 7.519014
1385 13.488313
1386 4.102663
1387 7.546813
1388 3.792241
1389 10.948268
1390 19.364260
1391 5.050147
1392 7.807727
1393 8.239827
1394 5.245871
1395 8.278683
1396 11.070213
1397 12.280485
1398 5.189922
1399 13.661194
1400 6.321845
1401 7.548691
1402 6.180652
1403 11.368933
1404 9.224061
1405 5.975394
1406 4.895385
1407 5.425429
1408 3.322294
1409 3.725361
1410 6.122825
1411 3.051261
1412 2.950408
1413 4.916324
1414 8.407344
1415 8.562048
1416 2.642293
1417 11.784769
1418 9.169600
1419 8.203657
1420 9.105020
1421 7.121611
1422 8.487149
1423 5.123180
1424 3.550781
1425 3.989241
1426 4.571642
1427 3.588783
1428 9.161710
1429 5.539588
1430 5.113160
1431 11.611439
1432 15.533444
1433 3.207677
1434 6.351631
1435 7.395107
1436 8.142072
1437 6.011083
1438 6.669375
1439 6.476550
1440 3.671104
1441 11.634584
1442 7.765499
1443 1.930324
1444 8.891263
1445 9.073623
1446 6.686834
1447 4.994511
1448 4.431497
1449 6.500957
1450 4.491929
1451 8.403224
1452 6.617701
1453 8.646327
1454 5.748594
1455 5.758066
1456 4.776845
1457 3.491884
1458 7.267566
1459 12.796251
1460 3.420118
1461 10.354499
1462 9.063408
1463 3.759355
1464 9.437417
1465 3.158334
1466 7.822368
1467 8.713050
1468 5.103321
1469 6.183616
1470 4.538893
1471 21.004452
1472 4.782103
1473 6.756322
1474 4.396989
1475 4.040804
1476 5.863764
1477 4.738708
1478 7.762728
1479 8.059393
1480 8.528531
1481 5.642818
1482 4.529473
1483 7.519612
1484 9.063968
1485 5.207195
1486 6.016440
1487 6.782823
1488 5.893788
1489 6.562112
1490 5.258567
1491 9.682905
1492 5.678030
1493 5.613191
1494 1.951046
1495 8.766299
1496 3.908589
1497 3.967435
1498 9.333426
1499 9.349985
1500 6.304243
1501 14.118995
1502 10.660559
1503 11.448809
1504 4.481865
1505 6.923261
1506 6.910813
1507 4.738264
1508 9.960616
1509 5.284933
1510 5.535073
1511 8.446140
1512 6.508166
1513 6.851186
1514 9.983541
1515 4.674963
1516 11.786884
1517 1.986714
1518 4.255817
1519 10.243331
1520 7.325064
1521 7.386255
1522 7.879593
1523 12.823044
1524 4.049929
1525 9.262185
1526 12.798718
1527 6.166928
1528 4.544345
1529 6.033748
1530 11.878713
1531 2.862542
1532 9.449081
1533 2.748605
1534 5.986619
1535 6.487216
1536 8.776087
1537 6.400026
1538 9.705099
1539 7.226147
1540 4.132605
1541 7.906347
1542 7.322286
1543 7.262313
1544 4.689571
1545 7.241646
1546 3.515309
1547 6.909819
1548 4.372911
1549 6.976415
1550 10.671162
1551 5.859869
1552 3.982182
1553 4.622394
1554 5.222972
1555 4.011719
1556 15.840704
1557 11.088058
1558 5.757089
1559 11.801683
1560 6.777246
1561 4.456491
1562 10.697830
1563 4.783827
1564 6.996619
1565 8.371914
1566 8.437719
1567 4.131534
1568 2.946292
1569 10.052374
1570 4.057884
1571 5.064089
1572 4.321229
1573 3.327168
1574 12.075706
1575 19.271433
1576 7.662212
1577 3.392655
1578 8.592834
1579 6.046545
1580 7.758547
1581 7.296133
1582 5.389143
1583 5.757380
1584 4.625173
1585 3.275281
1586 14.055659
1587 4.140109
1588 6.887368
1589 9.410224
1590 3.788474
1591 7.752289
1592 6.017130
1593 6.139843
1594 9.379385
1595 7.904662
1596 7.622704
1597 8.339698
1598 8.263043
1599 9.982266
1600 5.630588
1601 8.425438
1602 5.142715
1603 8.727972
1604 9.832501
1605 5.611526
1606 8.042408
1607 6.646524
1608 2.609795
1609 5.986178
1610 6.938148
1611 6.323341
1612 7.315382
1613 3.943984
1614 5.756770
1615 4.040346
1616 4.894710
1617 7.149375
1618 6.145161
1619 8.521036
1620 3.429036
1621 3.912422
1622 5.214497
1623 12.395919
1624 8.927463
1625 7.987840
1626 11.657844
1627 7.753257
1628 4.644371
1629 5.067797
1630 6.827456
1631 4.651294
1632 5.279004
1633 7.400982
1634 2.069889
1635 7.057496
1636 9.669928
1637 2.921923
1638 4.183378
1639 6.031416
1640 4.004813
1641 6.706834
1642 4.364905
1643 4.512733
1644 4.270716
1645 4.447809
1646 2.843768
1647 7.857104
1648 3.478856
1649 5.789289
1650 8.153237
1651 8.016134
1652 2.837033
1653 6.782946
1654 5.808787
1655 7.918108
1656 8.085551
1657 8.859550
1658 4.447942
1659 11.783628
1660 7.119941
1661 7.571346
1662 2.591234
1663 4.573593
1664 7.379515
1665 8.530485
1666 5.372077
1667 8.072021
1668 13.227109
1669 2.361280
1670 9.325112
1671 5.468956
1672 9.386504
1673 6.319060
1674 11.039213
1675 6.331896
1676 3.849376
1677 8.044460
1678 6.920855
1679 6.493174
1680 16.509148
1681 9.280745
1682 15.656994
1683 6.147237
1684 8.194161
1685 14.219437
1686 8.407681
1687 14.170652
1688 13.936733
1689 26.318312
1690 9.019376
1691 13.374609
1692 7.439496
1693 7.500554
1694 12.283941
1695 9.347400
1696 6.650179
1697 13.347966
1698 7.237793
1699 5.940151
1700 9.791754
1701 12.847770
1702 8.556463
1703 3.513732
1704 9.960577
1705 7.328950
1706 5.961779
1707 12.127910
1708 10.665950
1709 13.035862
1710 9.983320
1711 9.707201
1712 5.953187
1713 15.144969
1714 9.005117
1715 13.713630
1716 11.270240
1717 15.725024
1718 18.195862
1719 19.636538
1720 6.250223
1721 14.800854
1722 5.369958
1723 13.831787
1724 15.735629
1725 5.652519
1726 9.669505
1727 9.806405
1728 4.145558
1729 7.348672
1730 11.218828
1731 15.815011
1732 11.569459
1733 11.633950
1734 7.466558
1735 9.259230
1736 10.931470
1737 7.063756
1738 6.736598
1739 10.348334
1740 6.438801
1741 9.905494
1742 6.237868
1743 6.314340
1744 7.432788
1745 9.963304
1746 9.188364
1747 3.632317
1748 9.527144
1749 12.222635
1750 7.975829
1751 2.858356
1752 8.792041
1753 5.956710
1754 9.143093
1755 13.309989
1756 5.608543
1757 8.079236
1758 14.236429
1759 4.709879
1760 18.140152
1761 6.136454
1762 7.840775
1763 8.040710
1764 7.783416
1765 5.464383
1766 5.858364
1767 9.392014
1768 6.977472
1769 9.391839
1770 8.138757
1771 6.417211
1772 2.542231
1773 2.341025
1774 6.983386
1775 12.226948
1776 6.513224
1777 8.723433
1778 5.149698
1779 3.088183
1780 13.019631
1781 6.105040
1782 10.937226
1783 9.579943
1784 12.062800
1785 7.447916
1786 7.088385
1787 4.836183
1788 4.224568
1789 6.174260
1790 7.489392
1791 9.137880
1792 5.020818
1793 9.200949
1794 7.337586
1795 6.114001
1796 6.017877
1797 8.396837
1798 11.967900
1799 5.686783
1800 4.268952
1801 6.683826
1802 7.142480
1803 4.508698
1804 9.142878
1805 7.688399
1806 12.626288
1807 2.748237
1808 5.357120
1809 4.636856
1810 4.682381
1811 20.388012
1812 3.812513
1813 3.682968
1814 4.705400
1815 4.603881
1816 6.324668
1817 7.338892
1818 7.431674
1819 4.511901
1820 9.320404
1821 3.362133
1822 6.002379
1823 5.293887
1824 10.786499
1825 7.125314
1826 4.866901
1827 5.058243
1828 4.602260
1829 8.078988
1830 5.381202
1831 5.089313
1832 6.415555
1833 7.668670
1834 7.957893
1835 3.645851
1836 7.831691
1837 5.724019
1838 5.013962
1839 4.208276
1840 14.411791
1841 9.347816
1842 8.066654
1843 2.866488
1844 4.409144
1845 2.034958
1846 9.437112
1847 4.853826
1848 6.658087
1849 10.344822
1850 4.002764
1851 8.739840
1852 11.143819
1853 4.596933
1854 7.617891
1855 3.702280
1856 3.341902
1857 5.287679
1858 4.138115
1859 6.366763
1860 7.832269
1861 10.947773
1862 4.953379
1863 12.396818
1864 5.176436
1865 5.535192
1866 2.824013
1867 10.341990
1868 2.416974
1869 9.179095
1870 5.488794
1871 3.628985
1872 5.177977
1873 6.966596
1874 5.874571
1875 3.624512
1876 3.070825
1877 9.495599
1878 3.530670
1879 6.184035
1880 10.503805
1881 9.435368
1882 6.954887
1883 4.638453
1884 3.687572
1885 7.718323
1886 2.758281
1887 3.557728
1888 7.163590
1889 7.019810
1890 6.026251
1891 2.891321
1892 7.936907
1893 9.663877
1894 6.556658
1895 7.411805
1896 5.010990
1897 6.461603
1898 2.962613
1899 8.386501
1900 5.163660
1901 2.765661
1902 6.290286
1903 8.156361
1904 5.061047
1905 3.460113
1906 5.856967
1907 6.471040
1908 8.932501
1909 9.287887
1910 4.967882
1911 4.317287
1912 6.668768
1913 5.152687
1914 2.730703
1915 11.288062
1916 5.885506
1917 3.565498
1918 2.285493
1919 11.885430
1920 3.898329
1921 11.322591
1922 2.929646
1923 3.760599
1924 7.086429
1925 6.716631
1926 4.874684
1927 4.503695
1928 10.495300
1929 1.228671
1930 10.062977
1931 5.289260
1932 9.899896
1933 2.398648
1934 9.824114
1935 4.695825
1936 9.301664
1937 6.137835
1938 11.873152
1939 10.006841
1940 3.162300
1941 4.871193
1942 5.889161
1943 3.513199
1944 5.491737
1945 2.223056
1946 11.258410
1947 5.559236
1948 6.995946
1949 4.990131
1950 4.391457
1951 4.953631
1952 3.807820
1953 3.491738
1954 11.072447
1955 6.311161
1956 10.232721
1957 8.343368
1958 4.722458
1959 12.272306
1960 7.364598
1961 4.261033
1962 7.375823
1963 4.800733
1964 7.278774
1965 4.234477
1966 9.189615
1967 3.329561
1968 3.454179
1969 2.714877
1970 3.970495
1971 2.376504
1972 3.029725
1973 4.711229
1974 3.662619
1975 3.987397
1976 9.987246
1977 9.556475
1978 8.539123
1979 6.498987
1980 8.029593
1981 5.517860
1982 4.565297
1983 5.255586
1984 5.024086
1985 9.393544
1986 5.215232
1987 7.001365
1988 3.865504
1989 7.695735
1990 8.975188
1991 7.636728
1992 4.661046
1993 4.306839
1994 6.183205
1995 4.643563
1996 9.416478
1997 6.340302
1998 7.168136
1999 6.266036
2000 2.867544
2001 8.112306
2002 5.763190
2003 14.296877
2004 7.663779
2005 5.126277
2006 6.351344
2007 7.335622
2008 2.334700
2009 3.428724
2010 5.293067
2011 8.492805
2012 3.622354
2013 5.779388
2014 2.949170
2015 6.735378
2016 2.439265
2017 4.514548
2018 3.810997
2019 5.896284
2020 4.025525
2021 2.740395
2022 5.320558
2023 4.269669
2024 4.520575
2025 3.388959
2026 2.409581
2027 4.930563
2028 4.018106
2029 4.136722
2030 9.507250
2031 8.581197
2032 5.409410
2033 5.411359
2034 7.340429
2035 4.409511
2036 6.023401
2037 3.471545
2038 4.568235
2039 2.816420
2040 13.171938
2041 1.932525
2042 5.312807
2043 7.191832
2044 4.078840
2045 4.683470
2046 7.712846
2047 7.533260
2048 13.558733
2049 4.757217
2050 7.238452
2051 5.048809
2052 6.761163
2053 3.426423
2054 1.954865
2055 2.856169
2056 6.444313
2057 4.581326
2058 8.449534
2059 3.019984
2060 2.490845
2061 4.783032
2062 2.638446
2063 6.428421
2064 5.971168
2065 6.442956
2066 7.028947
2067 4.947358
2068 7.925294
2069 3.778928
2070 2.169345
2071 4.325981
2072 3.214453
2073 5.720860
2074 2.702698
2075 3.557405
2076 4.086217
2077 7.274175
2078 5.992397
2079 2.001618
2080 2.794648
2081 3.805308
2082 5.621825
2083 7.969311
2084 9.904161
2085 6.064132
2086 13.020618
2087 2.465844
2088 5.968352
2089 5.338791
2090 11.132400
2091 2.248093
2092 4.092525
2093 3.235339
2094 14.658633
2095 8.122925
2096 5.472129
2097 2.833742
2098 10.900212
2099 5.749377
2100 1.744595
2101 5.794245
2102 4.901111
2103 2.683865
2104 2.311896
2105 5.724085
2106 3.264477
2107 4.781895
2108 4.743932
2109 6.286963
2110 4.679819
2111 8.701823
2112 9.091351
2113 9.714296
2114 3.852910
2115 4.029494
2116 4.077842
2117 6.745136
2118 8.012885
2119 6.589025
2120 4.277212
2121 9.721976
2122 5.415613
2123 3.335013
2124 5.218435
2125 4.070858
2126 1.747303
2127 6.079253
2128 6.791024
2129 4.630999
2130 8.369123
2131 5.416640
2132 3.646616
2133 4.387008
2134 5.163148
2135 2.839006
2136 7.831182
2137 3.978348
2138 4.556721
2139 9.232183
2140 4.108052
2141 3.696426
2142 4.115097
2143 7.007496
2144 3.586756
2145 6.681454
2146 3.103333
2147 5.487737
2148 9.115600
2149 10.444826
2150 8.452366
2151 3.976604
2152 4.520996
2153 10.172404
2154 7.532068
2155 7.456755
2156 4.932737
2157 6.953377
2158 7.676002
2159 5.819327
2160 5.129334
2161 5.768039
2162 18.290522
2163 8.762474
2164 2.574859
2165 7.191492
2166 8.775383
2167 5.340305
2168 9.353544
2169 4.717030
2170 5.675799
2171 3.835507
2172 7.215871
2173 5.218402
2174 6.989768
2175 5.035741
2176 4.886721
2177 4.826664
2178 6.599481
2179 2.635174
2180 4.525706
2181 8.984244
2182 4.844984
2183 3.627625
2184 4.686065
2185 3.528383
2186 8.989705
2187 2.037374
2188 2.750691
2189 4.785810
2190 2.893598
2191 2.028401
2192 3.341190
2193 2.870898
2194 4.085885
2195 4.348494
2196 5.279958
2197 6.795857
2198 15.475170
2199 5.601811
2200 2.970546
2201 3.510915
2202 3.104123
2203 3.837741
2204 2.804869
2205 9.537766
2206 7.853739
2207 4.541850
2208 5.639555
2209 5.979462
2210 3.727849
2211 8.785192
2212 3.553060
2213 4.370341
2214 1.939823
2215 3.795377
2216 9.474733
2217 6.433095
2218 7.900237
2219 3.397030
2220 8.858067
2221 5.074737
2222 4.946065
2223 4.122323
2224 5.496133
2225 4.940280
2226 3.135376
2227 4.564273
2228 3.599572
2229 4.372020
2230 3.520105
2231 4.019729
2232 5.406270
2233 10.480627
2234 2.792039
2235 5.232440
2236 6.026994
2237 10.851586
2238 4.990887
2239 6.549896
2240 5.183623
2241 5.070147
2242 9.545635
2243 2.255688
2244 4.949267
2245 9.405643
2246 8.373747
2247 2.339040
2248 4.911414
2249 5.501838
2250 3.426744
2251 5.894227
2252 4.649052
2253 4.887873
2254 8.526812
2255 4.116318
2256 8.566190
2257 2.251750
2258 3.388779
2259 7.202995
2260 3.842469
2261 5.080204
2262 3.734385
2263 11.540629
2264 3.219972
2265 5.483462
2266 2.913548
2267 5.445903
2268 3.237912
2269 4.922050
2270 2.088859
2271 2.183649
2272 2.860400
2273 11.243008
2274 3.917382
2275 1.997580
2276 5.877937
2277 5.043151
2278 6.274816
2279 10.412564
2280 5.603386
2281 8.497334
2282 2.677204
2283 6.320776
2284 9.400148
2285 3.381561
2286 9.125909
2287 5.379930
2288 7.089133
2289 7.972881
2290 10.653037
2291 3.483425
2292 11.398635
2293 3.112507
2294 3.702875
2295 4.449042
2296 6.958932
2297 6.073690
2298 5.591267
2299 7.680421
2300 6.001271
2301 2.849534
2302 3.214523
2303 5.078534
2304 6.377816
2305 7.879459
2306 1.329994
2307 6.766997
2308 4.606695
2309 4.411157
2310 4.199008
2311 4.653250
2312 4.615911
2313 2.840672
2314 3.017464
2315 3.934026
2316 3.320740
2317 1.691938
2318 7.640067
2319 5.118929
2320 8.108104
2321 4.227640
2322 5.983947
2323 5.309216
2324 7.871731
2325 12.151943
2326 4.869820
2327 5.204302
2328 5.357087
2329 3.854037
2330 11.015344
2331 1.674593
2332 6.815053
2333 7.101001
2334 6.254289
2335 7.444460
2336 6.835668
2337 7.573848
2338 6.278581
2339 12.177582
2340 6.905816
2341 4.519753
2342 4.708435
2343 9.785048
2344 3.294995
2345 5.539980
2346 3.610908
2347 11.135975
2348 5.734751
2349 6.441493
2350 4.723954
2351 5.543196
2352 4.922728
2353 3.530289
2354 2.864778
2355 4.543921
2356 10.240496
2357 3.857822
2358 3.369523
2359 6.046277
2360 3.987697
2361 4.206186
2362 3.929495
2363 5.465228
2364 5.555459
2365 2.545581
2366 3.985575
2367 9.012376
2368 4.386261
2369 3.952891
2370 5.849824
2371 4.418318
2372 4.207249
2373 10.488426
2374 1.334925
2375 5.001597
2376 5.873819
2377 1.487668
2378 3.963010
2379 6.644038
2380 5.153984
2381 3.156537
2382 3.039914
2383 1.334213
2384 6.441225
2385 7.111567
2386 1.965940
2387 3.062872
2388 4.268636
2389 6.865627
2390 4.999736
2391 5.146185
2392 4.630494
2393 5.988759
2394 2.009969
2395 2.609935
2396 8.006824
2397 3.206367
2398 4.459373
2399 2.601596
2400 4.039010
2401 1.744348
2402 3.281184
2403 2.220528
2404 3.149744
2405 4.960816
2406 5.707121
2407 3.847860
2408 4.548718
2409 2.741287
2410 4.048697
2411 2.390084
2412 3.984128
2413 6.122040
2414 3.780054
2415 8.080637
2416 3.880424
2417 3.226224
2418 6.634348
2419 4.733948
2420 6.301703
2421 4.494684
2422 5.013699
2423 7.620877
2424 3.392864
2425 4.151972
2426 3.270042
2427 3.382950
2428 3.488451
2429 3.291001
2430 4.346604
2431 1.817477
2432 2.495240
2433 4.104656
2434 3.848928
2435 7.705063
2436 2.434622
2437 4.235702
2438 2.322463
2439 14.366172
2440 3.268497
2441 6.940149
2442 1.727483
2443 7.965040
2444 4.794916
2445 4.926558
2446 1.515498
2447 7.526957
2448 2.234272
2449 3.716966
2450 2.596905
2451 2.802754
2452 3.660719
2453 2.968114
2454 2.337003
2455 7.358020
2456 2.363262
2457 4.415455
2458 4.013847
2459 8.737407
2460 1.880871
2461 11.494770
2462 9.605691
2463 5.912702
2464 5.548963
2465 3.778560
2466 3.635843
2467 3.716396
2468 3.155156
2469 4.138582
2470 4.661744
2471 6.263934
2472 8.951843
2473 8.700044
2474 7.032108
2475 2.492399
2476 9.987542
2477 3.361412
2478 3.022911
2479 3.528198
2480 6.033528
2481 2.397194
2482 5.101750
2483 3.503315
2484 3.229820
2485 5.804534
2486 5.768985
2487 5.162142
2488 3.160298
2489 4.842990
2490 3.194541
2491 5.842003
2492 2.510890
2493 6.415578
2494 2.940530
2495 4.995903
2496 3.018950
2497 5.627530
2498 8.986554
2499 2.142699
2500 3.270577
2501 6.728821
2502 1.817901
2503 2.859435
2504 4.915711
2505 6.048752
2506 3.387569
2507 8.879825
2508 9.817142
2509 2.989202
2510 5.641070
2511 4.426776
2512 7.875923
2513 5.137311
2514 5.482891
2515 5.559359
2516 10.095461
2517 5.305770
2518 3.287732
2519 4.667058
2520 4.106168
2521 6.527395
2522 12.592908
2523 5.407759
2524 6.063507
2525 5.048721
2526 2.918578
2527 2.770344
2528 3.869603
2529 3.932173
2530 4.529911
2531 6.586738
2532 4.995923
2533 3.474354
2534 2.347025
2535 6.019506
2536 10.109102
2537 8.518007
2538 4.909594
2539 8.009432
2540 6.008128
2541 5.708617
2542 5.316307
2543 6.768754
2544 10.531038
2545 6.188333
2546 5.211858
2547 8.125577
2548 8.955213
2549 5.446263
2550 4.846958
2551 3.939438
2552 4.196522
2553 1.956026
2554 1.641144
2555 4.597171
2556 2.597138
2557 6.599183
2558 9.384846
2559 1.281566
2560 2.878211
2561 7.669927
2562 5.944236
2563 7.982264
2564 4.444711
2565 6.358434
2566 7.163157
2567 4.443362
2568 3.061883
2569 13.752087
2570 5.230343
2571 3.938622
2572 3.587264
2573 3.647352
2574 3.590754
2575 16.999876
2576 5.062507
2577 1.883448
2578 5.502732
2579 3.324989
2580 9.283832
2581 1.897414
2582 2.214949
2583 9.936813
2584 8.374108
2585 6.824405
2586 4.274182
2587 5.737385
2588 3.643950
2589 3.720136
2590 10.108141
2591 2.665242
2592 2.230810
2593 2.015774
2594 4.626215
2595 4.311908
2596 2.974229
2597 1.483060
2598 8.110155
2599 2.510716
2600 4.852939
2601 3.205733
2602 7.164897
2603 4.195240
2604 4.000566
2605 7.311263
2606 3.468155
2607 3.411075
2608 6.391545
2609 2.764041
2610 2.349999
2611 6.226768
2612 1.704922
2613 6.733733
2614 4.750486
2615 5.171549
2616 6.216100
2617 5.907584
2618 2.855330
2619 2.099419
2620 4.044068
2621 3.389311
2622 9.004055
2623 2.603415
2624 3.477467
2625 7.755097
2626 1.485323
2627 2.517376
2628 16.224699
2629 2.006255
2630 1.495969
2631 4.676017
2632 3.096308
2633 8.801023
2634 2.928331
2635 5.747255
2636 2.070619
2637 2.997657
2638 3.343133
2639 6.539765
2640 3.528928
2641 1.935191
2642 2.651460
2643 6.078330
2644 6.093779
2645 3.111481
2646 3.129858
2647 1.684040
2648 2.005947
2649 3.027795
2650 5.542910
2651 2.573431
2652 7.327863
2653 2.908623
2654 8.395224
2655 7.806198
2656 3.702078
2657 4.745396
2658 7.334819
2659 2.173522
2660 1.725829
2661 4.002629
2662 1.407739
2663 3.078023
2664 6.023077
2665 2.647834
2666 1.788151
2667 5.355464
2668 8.706536
2669 6.043960
2670 11.334741
2671 6.301319
2672 5.389386
2673 2.809444
2674 4.201500
2675 5.787169
2676 2.949877
2677 7.245095
2678 8.841331
2679 5.166633
2680 5.524631
2681 2.188293
2682 3.173820
2683 3.282821
2684 4.917592
2685 7.211869
2686 5.806881
2687 6.184247
2688 16.146069
2689 7.251868
2690 8.048959
2691 2.373368
2692 2.138944
2693 3.021970
2694 9.042403
2695 1.879734
2696 7.287487
2697 4.598738
2698 8.977098
2699 5.750142
2700 5.185576
2701 5.867156
2702 7.272063
2703 2.577699
2704 1.835100
2705 4.501010
2706 5.637051
2707 3.683548
2708 1.809286
2709 2.346347
2710 5.779345
2711 6.140052
2712 3.330267
2713 8.752508
2714 3.143560
2715 3.905526
2716 2.026027
2717 3.074207
2718 21.562538
2719 2.477378
2720 2.347286
2721 4.894388
2722 3.712930
2723 8.548446
2724 3.745861
2725 7.301835
2726 3.930842
2727 6.992345
2728 3.908226
2729 2.600840
2730 4.140423
2731 6.859278
2732 6.157210
2733 7.091242
2734 1.424347
2735 8.203979
2736 3.248498
2737 2.692373
2738 5.409321
2739 3.161999
2740 1.755417
2741 8.587191
2742 7.397357
2743 2.221855
2744 1.292022
2745 13.420500
2746 2.102212
2747 2.481204
2748 8.178938
2749 7.878927
2750 2.320282
2751 7.095168
2752 4.258879
2753 3.926550
2754 8.689426
2755 4.304474
2756 1.519404
2757 7.262320
2758 2.096891
2759 2.609936
2760 6.004143
2761 2.171419
2762 5.802433
2763 2.568466
2764 4.291067
2765 2.451495
2766 5.713076
2767 16.485279
2768 4.880417
2769 11.573957
2770 4.402192
2771 6.458745
2772 10.058894
2773 23.932320
2774 5.044938
2775 5.806528
2776 7.704771
2777 9.065589
2778 13.942668
2779 8.504980
2780 5.929511
2781 5.443288
2782 8.331110
2783 3.420992
2784 5.891293
2785 7.739952
2786 7.864089
2787 4.398081
2788 5.537701
2789 3.936454
2790 3.680802
2791 4.293534
2792 11.718081
2793 4.136328
2794 12.963008
2795 2.726080
2796 3.302083
2797 3.002445
2798 3.533342
2799 5.399177
2800 3.946694
2801 6.832254
2802 3.958929
2803 5.494788
2804 2.553729
2805 5.777580
2806 1.779992
2807 2.800173
2808 4.354878
2809 1.976076
2810 1.336979
2811 7.354442
2812 4.732007
2813 2.070765
2814 5.304604
2815 3.751899
2816 1.861918
2817 3.041688
2818 2.905785
2819 3.574286
2820 3.127359
2821 2.378196
2822 2.053232
2823 5.202607
2824 4.834950
2825 3.426890
2826 2.873369
2827 1.967777
2828 2.415586
2829 3.669371
2830 4.530210
2831 3.757442
2832 6.537127
2833 4.003711
2834 3.254542
2835 13.359720
2836 5.203594
2837 16.479588
2838 5.477882
2839 10.466789
2840 9.796323
2841 7.609533
2842 5.752846
2843 10.524049
2844 1.988728
2845 7.737316
2846 2.308127
2847 4.011467
2848 5.444522
2849 2.884509
2850 10.223457
2851 9.532207
2852 5.626122
2853 8.502506
2854 2.084855
2855 9.181358
2856 10.538286
2857 3.004458
2858 1.577096
2859 6.144707
2860 2.842248
2861 2.974670
2862 4.334367
2863 5.120216
2864 6.571264
2865 5.849871
2866 5.506327
2867 5.623999
2868 6.917873
2869 10.082738
2870 3.415120
2871 6.216302
2872 5.055170
2873 5.622187
2874 3.119782
2875 2.694779
2876 7.563734
2877 2.838340
2878 2.346642
2879 5.297395
2880 3.145490
2881 7.016158
2882 1.140951
2883 3.111493
2884 1.809062
2885 5.667555
2886 2.818896
2887 1.643278
2888 3.853803
2889 7.815890
2890 6.317149
2891 1.648436
2892 5.854594
2893 3.639982
2894 3.979777
2895 2.011190
2896 1.006840
2897 1.949726
2898 1.610296
2899 7.599666
2900 2.947905
2901 8.852578
2902 6.134037
2903 2.580527
2904 3.145036
2905 4.672082
2906 2.023692
2907 4.203585
2908 2.601221
2909 9.655733
2910 2.700082
2911 2.273402
2912 4.383859
2913 2.360507
2914 9.564862
2915 4.884243
2916 8.324270
2917 3.699854
2918 4.556044
2919 1.605648
2920 5.982035
2921 3.142260
2922 3.603527
2923 2.635507
2924 3.035323
2925 1.583733
2926 8.328918
2927 3.704081
2928 6.465969
2929 3.140218
2930 2.286075
2931 2.626185
2932 6.150687
2933 3.115583
2934 5.325471
2935 2.441267
2936 5.050028
2937 2.362351
2938 2.887735
2939 4.697219
2940 5.287984
2941 3.782117
2942 3.841160
2943 3.823202
2944 5.014860
2945 3.497602
2946 3.276669
2947 9.676538
2948 3.948603
2949 4.361212
2950 4.643953
2951 1.579226
2952 3.859751
2953 3.284930
2954 9.822052
2955 3.824132
2956 2.565604
2957 4.962348
2958 12.719872
2959 3.587403
2960 3.428653
2961 3.663531
2962 1.952863
2963 3.009511
2964 9.505617
2965 2.507686
2966 3.991498
2967 2.037663
2968 7.564107
2969 6.881988
2970 3.619649
2971 3.979717
2972 2.282197
2973 3.418482
2974 4.759368
2975 3.616674
2976 9.209066
2977 2.448170
2978 5.372878
2979 6.718546
2980 2.489211
2981 5.771288
2982 5.171601
2983 1.716678
2984 6.207509
2985 7.324573
2986 2.033700
2987 8.776919
2988 3.081739
2989 1.960768
2990 6.135609
2991 3.348147
2992 2.287283
2993 2.227115
2994 3.440970
2995 11.088349
2996 2.526948
2997 3.492427
2998 2.806158
2999 1.137006
3000 1.746450
3001 3.930579
3002 3.695784
3003 8.002913
3004 3.526176
3005 4.585836
3006 3.655381
3007 3.307435
3008 2.531963
3009 5.635188
3010 4.149932
3011 3.794902
3012 2.904051
3013 6.178502
3014 6.546474
3015 3.943877
3016 2.921177
3017 2.119552
3018 1.726960
3019 4.782939
3020 4.092165
3021 2.439284
3022 1.791232
3023 3.512279
3024 1.620514
3025 1.364329
3026 6.474957
3027 6.656843
3028 5.705332
3029 9.046093
3030 1.847988
3031 4.442850
3032 2.535821
3033 4.604564
3034 6.129798
3035 3.029707
3036 3.839937
3037 4.426906
3038 5.150408
3039 4.000318
3040 2.478209
3041 1.361164
3042 2.064989
3043 2.334836
3044 3.759612
3045 3.216066
3046 9.003783
3047 2.253313
3048 2.947049
3049 2.187272
3050 6.083329
3051 5.423882
3052 4.893615
3053 6.248623
3054 6.882098
3055 2.560742
3056 1.493100
3057 3.832105
3058 3.039092
3059 3.131362
3060 1.130815
3061 4.237930
3062 3.702148
3063 2.470335
3064 7.903929
3065 1.659625
3066 4.412888
3067 3.279172
3068 2.105784
3069 3.694973
3070 10.594496
3071 2.171159
3072 2.799315
3073 5.372588
3074 2.119395
3075 4.329459
3076 2.951771
3077 4.226898
3078 2.933528
3079 5.918259
3080 5.411724
3081 9.961545
3082 1.824874
3083 4.598579
3084 6.645511
3085 3.016658
3086 4.463386
3087 5.158049
3088 10.050987
3089 2.885871
3090 4.505330
3091 2.927485
3092 2.033341
3093 6.806609
3094 2.309959
3095 3.289872
3096 11.548525
3097 3.397089
3098 4.763709
3099 8.302496
3100 6.019564
3101 3.165583
3102 5.909241
3103 3.365377
3104 1.519343
3105 7.481114
3106 1.417194
3107 3.936178
3108 3.755325
3109 4.425848
3110 4.890887
3111 7.157953
3112 6.974181
3113 3.823780
3114 2.277681
3115 3.620329
3116 1.797332
3117 3.056479
3118 2.012496
3119 1.699292
3120 3.703843
3121 2.821484
3122 7.810493
3123 9.139154
3124 1.472793
3125 2.087512
3126 6.141927
3127 9.083651
3128 5.582867
3129 6.565516
3130 2.687179
3131 3.586627
3132 2.265631
3133 3.057178
3134 3.332759
3135 5.838682
3136 1.048597
3137 2.056254
3138 6.017169
3139 2.576420
3140 4.373335
3141 4.072616
3142 5.363166
3143 1.815809
3144 3.497100
3145 3.266724
3146 6.671196
3147 14.172338
3148 3.082551
3149 3.780577
3150 4.082545
3151 1.455884
3152 5.269937
3153 4.005347
3154 6.976477
3155 3.551138
3156 2.908347
3157 2.446097
3158 4.149271
3159 2.401640
3160 5.394591
3161 8.911381
3162 2.753618
3163 3.284348
3164 5.442346
3165 3.994864
3166 4.667762
3167 2.726278
3168 6.318559
3169 4.864668
3170 5.930739
3171 3.404939
3172 2.739503
3173 3.356948
3174 5.469721
3175 6.944022
3176 1.172927
3177 2.883543
3178 3.211879
3179 2.215687
3180 11.011301
3181 3.233888
3182 6.457140
3183 2.608005
3184 1.825801
3185 7.862162
3186 4.090334
3187 2.886939
3188 7.289473
3189 2.352635
3190 1.428512
3191 1.725443
3192 8.948371
3193 2.332660
3194 3.794326
3195 5.534668
3196 2.489730
3197 5.472666
3198 5.762541
3199 4.839265
3200 3.115678
3201 3.398897
3202 5.413866
3203 2.250608
3204 4.859454
3205 4.884046
3206 1.595317
3207 2.870699
3208 3.305836
3209 2.729190
3210 2.861543
3211 2.536671
3212 1.822635
3213 1.832925
3214 3.469176
3215 3.547118
3216 3.468051
3217 2.220042
3218 4.476838
3219 2.828458
3220 6.946981
3221 4.638298
3222 7.855447
3223 2.948372
3224 1.388162
3225 2.215061
3226 4.379733
3227 3.821484
3228 6.812727
3229 7.072427
3230 2.030576
3231 6.900269
3232 3.436414
3233 6.256106
3234 4.733698
3235 5.200372
3236 7.014067
3237 3.594508
3238 4.979480
3239 2.311458
3240 11.982815
3241 3.132967
3242 5.789192
3243 9.079572
3244 4.414474
3245 2.617050
3246 4.502111
3247 1.943076
3248 9.846270
3249 4.047090
3250 9.661720
3251 2.969685
3252 2.404194
3253 6.221887
3254 3.951281
3255 3.436017
3256 5.803832
3257 2.574501
3258 7.591259
3259 3.816767
3260 10.409980
3261 6.194177
3262 3.218419
3263 3.271780
3264 3.271913
3265 2.465551
3266 4.122276
3267 4.411046
3268 8.455538
3269 4.658346
