0 30.737461
1 32.448826
2 35.852753
3 37.804031
4 35.037392
5 37.541435
6 34.291264
7 28.379295
8 35.391197
9 29.528193
10 27.540628
11 31.503759
12 27.378674
13 37.063953
14 26.783197
15 31.214050
16 28.997555
17 30.922808
18 31.976749
19 28.001913
20 27.978205
21 29.348783
22 28.223101
23 28.925940
24 25.783640
25 35.566422
26 24.022556
27 25.760044
28 27.733339
29 28.686937
30 35.221306
31 28.625614
32 26.161713
33 23.243149
34 28.727507
35 26.870750
36 24.024527
37 34.233833
38 23.033903
39 23.314421
40 25.754904
41 23.383776
42 25.419731
43 26.117048
44 25.684301
45 25.324074
46 22.308683
47 29.843784
48 29.658804
49 26.309649
50 28.672689
51 29.100170
52 23.285175
53 26.915384
54 28.823236
55 19.105173
56 32.232563
57 21.023542
58 24.136757
59 31.113676
60 21.752886
61 25.148769
62 26.529804
63 19.814541
64 27.504883
65 19.910000
66 30.895290
67 20.980288
68 26.415663
69 23.060419
70 23.007753
71 25.977383
72 19.817518
73 24.229389
74 18.176085
75 21.034714
76 24.215458
77 23.436281
78 26.601974
79 23.436632
80 25.581949
81 32.001080
82 23.423868
83 27.386749
84 20.842243
85 20.519653
86 19.751760
87 23.461573
88 22.994013
89 22.230898
90 25.987379
91 21.931295
92 18.622599
93 21.434795
94 24.991310
95 20.379166
96 21.128178
97 15.412875
98 19.399328
99 20.801115
100 21.850973
101 17.301729
102 28.539948
103 26.432961
104 19.697502
105 24.447704
106 20.690002
107 21.493158
108 21.796825
109 20.450724
110 15.618759
111 26.799191
112 16.762688
113 16.256260
114 22.990849
115 21.478407
116 20.358372
117 20.136513
118 17.700096
119 22.383732
120 22.726713
121 15.715141
122 20.541773
123 21.254025
124 19.313702
125 23.774073
126 18.380589
127 19.148602
128 22.096865
129 21.181910
130 15.166489
131 23.086555
132 23.559958
133 18.012949
134 17.872423
135 21.249916
136 13.366774
137 25.669834
138 21.524242
139 17.800941
140 19.522179
141 22.241005
142 17.558470
143 25.673759
144 22.907827
145 27.957588
146 16.046333
147 25.443333
148 21.309273
149 20.649780
150 18.750494
151 22.764330
152 22.612940
153 22.854677
154 18.374031
155 14.066111
156 25.442324
157 19.316223
158 18.146976
159 23.169733
160 14.972496
161 23.383379
162 14.102204
163 25.616224
164 24.859806
165 29.799242
166 17.978266
167 18.251102
168 26.660263
169 17.707998
170 19.650236
171 17.836706
172 27.680580
173 18.897686
174 17.541485
175 20.530390
176 16.848206
177 24.027788
178 16.571594
179 17.821104
180 21.203993
181 16.783730
182 16.501774
183 16.007215
184 22.881226
185 15.280071
186 17.081818
187 16.106653
188 15.091375
189 23.060175
190 21.351738
191 14.194232
192 11.201368
193 20.793283
194 18.595247
195 23.871241
196 23.673351
197 23.431444
198 20.442430
199 19.353271
200 24.420841
201 20.150387
202 16.793823
203 13.147466
204 20.044771
205 21.092382
206 19.142115
207 20.086369
208 20.443344
209 23.252670
210 20.831177
211 22.674303
212 22.504280
213 21.713598
214 22.164509
215 20.618418
216 19.776777
217 24.557076
218 27.297319
219 27.527510
220 14.097275
221 18.680660
222 18.683886
223 15.263154
224 15.779861
225 19.957972
226 20.930868
227 20.808456
228 21.296633
229 17.580191
230 22.197945
231 17.566305
232 23.093063
233 17.638788
234 15.373788
235 20.145075
236 17.530478
237 26.654032
238 19.119719
239 23.265837
240 19.707058
241 18.555813
242 20.323162
243 25.281918
244 34.215359
245 21.761806
246 22.740705
247 24.281790
248 21.754833
249 16.505209
250 27.867870
251 21.897505
252 16.994091
253 28.401497
254 11.015342
255 19.597414
256 22.213745
257 29.238335
258 14.276477
259 19.630445
260 19.865568
261 23.210634
262 12.804417
263 15.404780
264 12.005141
265 28.965292
266 20.586721
267 17.534252
268 17.132563
269 22.620449
270 18.158594
271 22.979439
272 20.985607
273 12.498969
274 17.243647
275 16.880335
276 12.697869
277 16.929419
278 26.407505
279 15.343132
280 19.348858
281 23.514301
282 23.105629
283 21.490364
284 17.676065
285 22.220194
286 17.065935
287 21.479704
288 17.437469
289 19.270269
290 23.761892
291 17.163239
292 21.234306
293 21.608110
294 24.598661
295 17.457394
296 16.160740
297 18.091408
298 17.508722
299 15.835458
300 20.242828
301 17.382406
302 17.042799
303 16.766060
304 17.495398
305 16.249498
306 23.786030
307 14.588231
308 27.094042
309 24.066740
310 19.744167
311 19.929655
312 25.289587
313 17.877371
314 18.177654
315 22.493855
316 20.717804
317 15.684024
318 16.693987
319 15.955328
320 24.068882
321 20.558386
322 17.444502
323 15.003030
324 15.427485
325 19.754349
326 18.720772
327 23.207470
328 18.834780
329 20.065727
330 13.552192
331 22.604815
332 17.325962
333 24.594082
334 22.229296
335 16.940714
336 15.362141
337 18.193235
338 21.039564
339 18.677010
340 17.700216
341 19.192678
342 21.474785
343 18.565643
344 24.475389
345 13.263093
346 16.015821
347 13.096874
348 23.221487
349 18.905224
350 18.835270
351 15.664268
352 20.125862
353 12.794958
354 16.095989
355 17.712473
356 25.185633
357 18.762114
358 19.403091
359 15.122829
360 24.239370
361 23.325712
362 17.088430
363 20.957573
364 20.158205
365 17.452330
366 16.466713
367 17.115469
368 19.539608
369 25.159878
370 22.138838
371 19.666157
372 18.441341
373 26.995424
374 23.131754
375 13.106826
376 18.134087
377 15.538519
378 13.880490
379 17.299446
380 19.912252
381 13.830994
382 21.072622
383 23.199936
384 17.969580
385 13.218872
386 12.761405
387 17.679033
388 16.470547
389 17.920918
390 19.268740
391 13.801636
392 15.806497
393 23.388456
394 13.518076
395 17.299952
396 14.193089
397 19.235203
398 23.267643
399 18.526463
400 14.338867
401 16.268656
402 16.152338
403 11.662115
404 21.562433
405 12.057868
406 16.569244
407 18.834476
408 16.707441
409 15.589286
410 15.519868
411 14.809054
412 12.711171
413 14.396382
414 15.309141
415 19.128664
416 23.321039
417 16.545458
418 20.361103
419 21.229013
420 13.101406
421 13.708581
422 19.544670
423 16.840422
424 25.401772
425 14.774375
426 21.340807
427 14.314902
428 25.787983
429 19.833498
430 15.788532
431 13.744729
432 17.558676
433 17.463453
434 19.870623
435 20.370188
436 19.804739
437 21.935873
438 14.766970
439 22.141928
440 14.880964
441 15.468901
442 18.851988
443 19.692322
444 15.524603
445 21.016508
446 21.845566
447 22.398966
448 19.200266
449 17.750441
450 14.689731
451 21.048012
452 16.710548
453 18.315048
454 26.439857
455 22.250517
456 17.426538
457 18.419828
458 12.964687
459 16.687241
460 12.057048
461 24.267639
462 18.408594
463 19.464928
464 15.175085
465 18.732317
466 14.626863
467 13.467985
468 17.420668
469 17.878279
470 22.787357
471 16.135967
472 18.713821
473 14.426457
474 19.923065
475 19.384701
476 18.468210
477 22.077885
478 11.385608
479 14.919778
480 24.072754
481 21.829969
482 18.188326
483 12.786364
484 16.847805
485 17.268793
486 19.691242
487 13.846633
488 16.391794
489 18.043882
490 12.395764
491 21.128813
492 23.996311
493 15.837470
494 16.491852
495 13.121633
496 13.609942
497 17.417273
498 16.178875
499 16.900608
500 15.147914
501 14.889333
502 23.330664
503 13.917189
504 15.429455
505 19.392344
506 21.160378
507 17.127514
508 16.898211
509 16.053900
510 18.034058
511 18.818457
512 12.772465
513 20.142107
514 18.744669
515 16.585159
516 12.014370
517 16.774387
518 15.402336
519 16.285925
520 15.691934
521 15.462351
522 21.841902
523 16.954607
524 15.752204
525 15.713454
526 15.908220
527 17.461853
528 16.592163
529 21.543335
530 17.569660
531 13.347378
532 13.760910
533 16.925344
534 16.733269
535 22.967264
536 18.428852
537 21.323471
538 15.980471
539 21.178844
540 19.955048
541 16.380749
542 15.725736
543 22.844257
544 16.188917
545 13.426728
546 18.571238
547 13.965761
548 18.760830
549 30.366278
550 15.291903
551 23.654123
552 16.050207
553 18.328762
554 15.249130
555 18.899433
556 13.762024
557 20.798454
558 18.002575
559 23.750761
560 17.844879
561 22.027704
562 12.488800
563 14.053611
564 14.516602
565 21.906424
566 18.593781
567 16.448427
568 20.234331
569 21.066746
570 22.248217
571 16.613531
572 24.271008
573 19.868124
574 17.074326
575 18.643091
576 14.618274
577 15.259806
578 16.219038
579 19.737875
580 16.117012
581 19.827654
582 15.924471
583 17.467764
584 14.373799
585 23.785683
586 19.053247
587 17.833082
588 14.076635
589 14.446749
590 14.716952
591 16.260719
592 20.877705
593 19.628439
594 17.322849
595 15.006348
596 17.941469
597 13.933081
598 20.427608
599 18.301226
600 22.675879
601 14.809335
602 24.150438
603 15.365507
604 10.848316
605 11.988595
606 12.755544
607 18.706343
608 14.238137
609 19.079437
610 22.014523
611 16.470165
612 21.704775
613 16.661303
614 21.471186
615 13.985951
616 14.193408
617 14.427447
618 17.162592
619 14.349699
620 21.487560
621 14.870715
622 27.035122
623 14.660642
624 20.125771
625 18.985512
626 20.848825
627 18.435144
628 14.311208
629 17.381775
630 19.323111
631 11.469415
632 15.816496
633 14.729137
634 17.801523
635 16.713507
636 19.627960
637 15.517098
638 21.666729
639 16.613239
640 24.265697
641 17.226357
642 19.578318
643 23.098270
644 20.474386
645 17.506191
646 14.973849
647 17.614489
648 13.944055
649 21.834101
650 19.708900
651 11.652683
652 16.115604
653 15.529128
654 15.725513
655 20.293362
656 14.901569
657 21.177393
658 16.789867
659 18.704559
660 12.804844
661 18.798109
662 11.319116
663 17.838514
664 14.808265
665 15.562265
666 18.632383
667 14.182127
668 19.409290
669 26.056831
670 11.751589
671 17.531176
672 16.430677
673 19.373207
674 13.594165
675 16.978056
676 15.849244
677 12.850862
678 18.058197
679 21.335571
680 12.750850
681 16.170565
682 20.441206
683 27.025120
684 20.917290
685 12.554128
686 17.633585
687 14.845058
688 20.051296
689 11.790748
690 13.926374
691 18.827255
692 20.869230
693 15.388099
694 15.970330
695 15.502168
696 14.870371
697 20.749355
698 17.687714
699 13.049900
700 15.510381
701 16.700380
702 15.323901
703 16.995752
704 17.846794
705 14.715495
706 14.828196
707 12.677538
708 16.026731
709 17.951382
710 13.954561
711 12.376387
712 17.802896
713 17.103580
714 16.885824
715 19.043327
716 20.715620
717 16.825378
718 11.665266
719 22.729990
720 12.728047
721 12.504043
722 14.604516
723 15.783369
724 20.327723
725 18.573582
726 12.983862
727 16.488964
728 15.692910
729 20.161573
730 17.644178
731 9.191908
732 12.827979
733 13.430880
734 11.985308
735 17.474600
736 23.429007
737 23.320766
738 15.122212
739 19.655289
740 15.314798
741 17.415674
742 14.969697
743 17.426464
744 17.781563
745 22.832375
746 14.389916
747 15.338252
748 19.022593
749 15.042415
750 17.771538
751 14.038564
752 16.804403
753 18.857910
754 18.072155
755 13.503838
756 16.914158
757 13.991115
758 18.680712
759 25.169926
760 13.748528
761 17.525103
762 13.896643
763 16.412004
764 16.214172
765 22.051620
766 17.078468
767 23.161036
768 17.921051
769 19.976196
770 20.297573
771 20.229906
772 17.037989
773 14.083391
774 14.097024
775 18.440914
776 19.978695
777 17.724787
778 15.540334
779 19.151030
780 18.309690
781 17.483318
782 20.920668
783 14.193478
784 16.723755
785 20.230513
786 14.723639
787 9.245889
788 19.437948
789 19.870224
790 19.634436
791 15.699764
792 15.261518
793 17.281502
794 11.129320
795 21.520945
796 18.457922
797 18.520773
798 14.203903
799 23.080526
800 19.899309
801 15.103039
802 20.436211
803 19.687929
804 13.187197
805 15.867396
806 16.057611
807 13.783454
808 16.974600
809 14.019685
810 26.956049
811 27.086527
812 16.991711
813 21.847675
814 17.463167
815 22.112534
816 22.737926
817 17.031561
818 18.495125
819 12.572319
820 17.538033
821 9.946330
822 22.688808
823 15.189272
824 18.086943
825 19.791059
826 20.464813
827 13.393250
828 15.622268
829 19.363049
830 19.257572
831 19.012350
832 14.644850
833 25.975773
834 22.166307
835 20.855148
836 27.277536
837 15.772269
838 20.896166
839 12.787002
840 17.853607
841 19.606256
842 16.937841
843 14.283148
844 21.497396
845 17.164238
846 18.851990
847 15.931699
848 16.452017
849 16.909595
850 16.338072
851 16.766413
852 18.219294
853 16.388357
854 21.076546
855 15.543231
856 10.952412
857 18.465414
858 10.834700
859 25.522879
860 16.021780
861 15.621066
862 20.755302
863 10.752975
864 11.381299
865 15.181706
866 16.029341
867 13.872873
868 14.903761
869 14.068981
870 14.597087
871 16.807775
872 17.283468
873 19.256910
874 17.031748
875 19.354549
876 12.636259
877 19.012312
878 19.813112
879 17.419386
880 18.504160
881 19.753645
882 18.811768
883 19.017220
884 16.189308
885 16.015024
886 21.610107
887 18.523876
888 21.627470
889 16.521622
890 15.150635
891 12.178096
892 18.816984
893 15.228755
894 15.710111
895 15.357954
896 15.550184
897 25.436806
898 23.050215
899 16.159948
900 18.816031
901 19.436344
902 16.124689
903 11.433456
904 16.058823
905 17.903122
906 15.510143
907 16.011625
908 11.998584
909 16.986780
910 18.109779
911 20.609966
912 16.071695
913 19.305054
914 16.745255
915 15.849438
916 11.977524
917 16.664385
918 18.039192
919 13.146458
920 17.508326
921 10.542981
922 18.365208
923 17.997927
924 19.917843
925 16.829023
926 12.950095
927 24.387489
928 12.812166
929 16.012461
930 18.372698
931 18.687702
932 19.779480
933 25.546135
934 9.750992
935 20.294037
936 17.055790
937 15.979909
938 15.596135
939 16.173231
940 13.813641
941 17.990499
942 18.211044
943 15.183735
944 18.214075
945 22.611572
946 11.752666
947 12.993474
948 12.587810
949 21.324100
950 14.686289
951 17.560987
952 14.247119
953 16.841030
954 11.861284
955 20.200562
956 12.497302
957 18.264887
958 21.557505
959 20.413361
960 17.957232
961 14.361256
962 14.709038
963 14.400713
964 14.377163
965 15.482520
966 12.159436
967 16.918528
968 12.582169
969 13.847561
970 13.285823
971 13.851478
972 23.805843
973 16.365555
974 16.896191
975 15.255090
976 16.711464
977 13.421350
978 20.318707
979 17.955500
980 15.863561
981 26.871593
982 24.133129
983 17.106497
984 21.961348
985 15.639980
986 12.592387
987 21.888910
988 19.777971
989 15.325954
990 16.388824
991 15.868300
992 14.928718
993 11.294037
994 23.577793
995 21.029232
996 13.273574
997 12.021798
998 17.329235
999 20.726038
1000 21.608059
1001 23.187466
1002 12.262256
1003 14.920852
1004 15.460222
1005 14.009169
1006 11.740607
1007 14.636821
1008 23.192495
1009 12.113793
1010 16.486601
1011 12.752136
1012 13.525535
1013 17.012779
1014 21.490643
1015 22.763412
1016 16.209465
1017 13.766521
1018 19.082140
1019 19.056026
1020 18.295942
1021 21.256926
1022 10.363474
1023 16.213118
1024 15.616411
1025 8.019989
1026 16.010033
1027 11.672500
1028 10.904873
1029 18.287382
1030 14.379074
1031 16.637129
1032 16.007143
1033 25.498438
1034 20.640106
1035 15.791943
1036 20.853405
1037 17.737011
1038 15.308526
1039 14.397871
1040 19.536098
1041 20.752401
1042 19.420691
1043 18.753561
1044 20.239632
1045 16.832878
1046 15.610141
1047 21.640923
1048 12.423188
1049 25.045454
1050 15.756457
1051 11.718001
1052 21.762915
1053 16.294109
1054 19.075445
1055 21.102953
1056 9.162803
1057 18.964556
1058 20.258020
1059 17.006090
1060 16.516186
1061 14.356718
1062 18.426706
1063 14.307736
1064 16.084677
1065 11.533234
1066 16.066444
1067 18.028131
1068 21.852119
1069 14.856491
1070 17.651915
1071 14.644877
1072 21.365351
1073 14.407247
1074 13.963230
1075 19.235802
1076 17.160076
1077 9.909075
1078 14.387099
1079 16.057865
1080 16.583796
1081 17.534185
1082 23.291708
1083 19.655075
1084 19.313660
1085 15.751988
1086 12.435648
1087 17.844809
1088 10.866725
1089 14.634177
1090 17.297991
1091 13.262138
1092 16.597551
1093 18.726543
1094 15.900009
1095 16.128601
1096 15.735493
1097 20.454353
1098 23.033979
1099 13.869321
1100 25.056749
1101 13.980391
1102 11.366928
1103 16.558475
1104 13.006814
1105 12.575078
1106 12.752415
1107 16.264351
1108 17.534571
1109 19.609623
1110 13.729965
1111 13.407898
1112 13.618493
1113 15.117468
1114 17.321070
1115 16.787453
1116 22.603804
1117 15.872055
1118 21.075497
1119 17.923183
1120 17.399126
1121 13.497324
1122 15.083969
1123 17.734526
1124 16.753088
1125 13.301980
1126 18.545517
1127 13.526155
1128 18.881195
1129 19.350248
1130 16.493141
1131 16.077417
1132 17.624247
1133 22.006403
1134 18.229605
1135 17.591797
1136 18.178223
1137 22.802099
1138 21.780607
1139 16.930748
1140 12.058134
1141 12.330427
1142 13.518927
1143 19.795916
1144 13.017866
1145 17.092619
1146 13.582633
1147 17.055502
1148 12.797482
1149 10.396386
1150 18.928226
1151 17.361567
1152 16.186096
1153 23.982069
1154 19.044504
1155 21.635738
1156 21.035454
1157 18.539055
1158 17.422218
1159 14.507596
1160 16.520075
1161 22.922556
1162 14.131382
1163 18.180586
1164 23.634975
1165 13.788684
1166 20.924704
1167 12.172524
1168 17.408081
1169 16.137026
1170 19.419214
1171 16.768549
1172 13.247293
1173 14.990154
1174 20.045971
1175 17.776751
1176 19.570345
1177 18.609312
1178 19.071665
1179 20.977604
1180 17.418329
1181 16.572578
1182 17.254215
1183 19.053312
1184 17.761112
1185 17.407255
1186 16.453421
1187 20.329512
1188 16.378744
1189 15.158792
1190 16.113377
1191 11.806503
1192 21.110310
1193 18.816519
1194 18.059570
1195 19.096018
1196 16.832663
1197 17.231354
1198 20.330984
1199 18.776571
1200 19.720585
1201 11.476458
1202 17.375046
1203 15.786980
1204 21.007826
1205 16.318268
1206 16.762926
1207 20.452753
1208 15.011519
1209 11.979336
1210 16.457922
1211 23.763468
1212 18.433153
1213 12.361072
1214 19.995070
1215 18.787331
1216 13.552221
1217 26.134321
1218 12.023170
1219 17.688782
1220 24.692892
1221 11.259318
1222 18.996105
1223 14.939956
1224 11.080167
1225 14.201116
1226 15.453269
1227 20.515854
1228 16.856550
1229 15.735742
1230 16.128191
1231 12.683022
1232 23.163151
1233 19.826611
1234 18.849352
1235 15.190386
1236 22.591513
1237 23.088041
1238 18.725746
1239 13.610338
1240 22.213718
1241 21.359606
1242 14.775296
1243 14.366370
1244 16.416199
1245 18.548401
1246 12.225752
1247 19.496330
1248 18.915108
1249 27.281391
1250 12.583594
1251 18.966753
1252 19.565725
1253 14.063037
1254 16.612064
1255 16.272705
1256 13.739308
1257 16.760496
1258 22.582602
1259 15.308478
1260 16.076626
1261 13.978075
1262 18.717197
1263 21.234112
1264 17.572182
1265 15.125764
1266 22.299574
1267 15.253993
1268 21.269968
1269 18.684963
1270 19.374504
1271 14.807482
1272 14.502275
1273 16.278763
1274 12.944434
1275 15.521071
1276 12.894226
1277 21.440710
1278 17.773716
1279 13.938272
1280 14.474400
1281 17.379938
1282 16.661854
1283 14.301773
1284 14.529406
1285 16.673269
1286 12.928271
1287 13.034164
1288 13.287748
1289 18.580156
1290 10.203213
1291 18.759155
1292 13.315484
1293 15.805791
1294 17.634624
1295 18.089062
1296 19.777214
1297 11.078252
1298 12.974270
1299 20.439528
1300 19.635641
1301 23.757795
1302 15.294732
1303 12.819914
1304 16.818193
1305 18.683340
1306 22.901484
1307 13.401753
1308 19.576418
1309 10.640762
1310 15.710951
1311 18.982016
1312 23.315332
1313 17.358019
1314 22.284882
1315 16.256044
1316 20.466997
1317 18.567610
1318 20.002783
1319 17.797649
1320 16.615376
1321 18.174995
1322 24.781513
1323 21.686361
1324 13.728355
1325 22.867260
1326 15.529111
1327 17.121868
1328 12.116299
1329 15.646374
1330 13.525610
1331 18.841372
1332 13.986011
1333 14.378124
1334 17.321362
1335 17.576323
1336 17.074402
1337 11.292515
1338 16.502764
1339 22.330702
1340 18.537544
1341 17.693882
1342 18.121845
1343 18.113529
1344 15.536570
1345 18.882570
1346 18.929163
1347 14.868269
1348 16.101086
1349 14.781422
1350 14.041840
1351 16.038656
1352 15.180486
1353 11.782484
1354 16.575804
1355 20.630371
1356 15.379388
1357 13.741496
1358 15.868079
1359 19.050476
1360 15.266493
1361 16.355322
1362 15.857567
1363 16.268097
1364 14.357670
1365 24.483534
1366 19.932552
1367 14.060360
1368 18.108942
1369 14.892610
1370 13.134719
1371 18.740805
1372 17.385401
1373 14.161208
1374 12.641612
1375 16.341188
1376 22.673798
1377 17.936968
1378 21.216972
1379 13.545498
1380 16.368660
1381 19.052456
1382 13.832631
1383 17.879925
1384 15.289853
1385 19.208157
1386 10.755590
1387 19.381544
1388 11.076445
1389 20.147167
1390 20.773075
1391 18.955242
1392 15.863349
1393 17.382551
1394 16.810011
1395 20.715639
1396 18.833998
1397 13.162260
1398 17.251381
1399 22.077585
1400 21.720083
1401 12.626611
1402 20.789936
1403 17.291161
1404 14.788733
1405 17.408770
1406 19.078062
1407 18.526350
1408 16.245514
1409 13.882918
1410 19.592821
1411 10.531487
1412 15.130615
1413 22.135685
1414 18.280964
1415 15.666000
1416 15.056724
1417 12.255198
1418 14.552326
1419 19.078129
1420 14.012019
1421 16.068394
1422 14.081835
1423 15.253201
1424 14.601810
1425 22.599216
1426 20.592716
1427 8.934526
1428 15.125123
1429 17.917391
1430 14.300710
1431 12.992615
1432 17.095739
1433 13.273513
1434 17.486126
1435 15.979033
1436 19.997768
1437 13.383181
1438 16.987831
1439 18.781685
1440 13.987444
1441 15.248074
1442 15.585603
1443 15.088368
1444 14.737993
1445 15.008713
1446 24.953030
1447 15.049358
1448 16.734783
1449 12.900508
1450 17.275343
1451 14.206368
1452 15.995838
1453 15.780055
1454 14.686132
1455 13.748863
1456 17.764978
1457 20.091183
1458 18.247208
1459 18.237862
1460 15.449634
1461 17.459957
1462 21.006596
1463 18.927670
1464 14.857698
1465 16.984955
1466 19.151085
1467 14.935587
1468 15.535522
1469 13.135888
1470 14.020876
1471 22.775253
1472 14.527026
1473 16.421734
1474 20.114639
1475 21.322823
1476 15.044718
1477 14.340286
1478 16.137033
1479 17.484034
1480 24.149242
1481 12.214314
1482 17.459852
1483 15.532362
1484 23.108734
1485 14.998672
1486 16.863293
1487 17.395214
1488 12.555975
1489 15.453493
1490 15.064934
1491 15.509255
1492 14.230903
1493 14.079106
1494 12.216313
1495 15.805176
1496 12.346676
1497 9.336376
1498 20.282537
1499 18.657450
1500 19.147133
1501 17.638771
1502 24.216476
1503 18.223932
1504 12.054744
1505 16.607876
1506 17.377878
1507 18.673038
1508 17.573318
1509 18.620800
1510 13.297243
1511 15.929379
1512 21.037823
1513 18.231472
1514 20.018181
1515 17.703548
1516 16.159006
1517 16.521889
1518 13.539707
1519 11.329282
1520 16.398960
1521 18.483070
1522 19.301788
1523 16.624798
1524 20.137714
1525 15.384553
1526 17.797400
1527 12.636043
1528 14.848974
1529 12.759007
1530 20.967146
1531 12.941616
1532 17.264729
1533 13.729572
1534 17.787939
1535 18.633474
1536 17.258734
1537 17.879435
1538 19.705967
1539 19.094400
1540 10.625051
1541 21.909023
1542 17.887463
1543 15.938699
1544 14.649120
1545 12.935767
1546 12.328175
1547 11.545728
1548 16.022804
1549 17.863226
1550 22.643061
1551 11.185947
1552 14.564914
1553 11.777145
1554 13.739399
1555 23.267197
1556 11.484348
1557 13.290748
1558 17.463522
1559 21.809912
1560 14.658403
1561 11.674073
1562 18.449793
1563 23.084934
1564 19.756601
1565 20.208725
1566 14.560741
1567 13.670478
1568 13.321718
1569 15.510964
1570 13.746484
1571 13.411378
1572 14.719055
1573 9.584391
1574 21.596306
1575 17.150730
1576 21.872343
1577 12.027510
1578 17.217590
1579 16.247572
1580 22.288609
1581 21.120024
1582 15.260508
1583 14.900160
1584 16.151222
1585 14.154140
1586 20.304657
1587 15.559157
1588 15.148757
1589 15.423074
1590 14.949910
1591 15.872446
1592 19.292347
1593 13.831055
1594 17.535299
1595 16.220446
1596 14.566438
1597 15.952042
1598 24.324131
1599 18.352079
1600 20.134830
1601 14.243284
1602 14.923630
1603 18.193150
1604 22.607746
1605 19.712366
1606 14.131126
1607 15.990070
1608 19.001713
1609 18.185415
1610 18.296997
1611 15.277466
1612 19.973942
1613 21.324667
1614 15.453071
1615 16.472195
1616 18.339182
1617 24.131792
1618 15.854198
1619 12.130185
1620 16.249495
1621 14.816718
1622 15.643746
1623 12.161203
1624 21.772730
1625 18.787779
1626 21.087763
1627 17.206991
1628 15.638364
1629 14.853887
1630 21.749432
1631 21.207655
1632 18.243866
1633 20.553902
1634 11.176890
1635 12.729560
1636 15.428071
1637 13.450383
1638 17.728045
1639 18.303623
1640 10.955784
1641 15.956729
1642 20.640244
1643 21.376049
1644 15.555431
1645 17.323027
1646 10.922485
1647 14.706609
1648 14.132234
1649 23.437120
1650 23.100861
1651 15.093376
1652 14.330607
1653 14.925600
1654 16.040550
1655 19.333349
1656 17.080980
1657 19.779863
1658 14.775984
1659 19.039515
1660 13.622360
1661 14.794423
1662 16.496155
1663 18.999872
1664 17.601446
1665 14.984944
1666 12.648677
1667 23.505287
1668 17.764513
1669 13.418646
1670 13.417661
1671 15.304091
1672 15.559248
1673 19.250071
1674 19.405539
1675 18.394667
1676 19.921436
1677 18.091238
1678 16.696772
1679 12.862340
1680 15.554516
1681 20.420654
1682 17.924877
1683 13.735816
1684 14.744976
1685 15.948595
1686 11.080433
1687 18.831099
1688 25.329580
1689 22.707361
1690 18.146179
1691 19.669436
1692 11.129628
1693 14.603577
1694 15.790861
1695 14.919135
1696 12.593779
1697 15.342207
1698 20.221931
1699 15.760005
1700 23.839746
1701 18.659117
1702 13.106790
1703 12.620313
1704 17.521450
1705 17.265034
1706 10.067017
1707 17.992870
1708 12.374287
1709 17.657322
1710 21.524096
1711 17.135900
1712 16.128315
1713 20.590271
1714 13.744480
1715 20.794054
1716 17.324310
1717 19.528826
1718 20.589201
1719 25.801889
1720 14.760971
1721 17.495422
1722 13.863305
1723 18.925520
1724 16.783972
1725 10.990952
1726 18.649721
1727 15.705002
1728 11.313420
1729 16.319187
1730 22.259985
1731 21.455967
1732 15.767262
1733 17.298733
1734 17.705864
1735 18.124245
1736 13.301456
1737 12.693405
1738 17.179686
1739 18.388716
1740 14.009152
1741 14.888461
1742 10.695000
1743 14.524150
1744 16.461878
1745 15.930261
1746 16.028872
1747 13.916843
1748 21.622192
1749 22.578608
1750 14.616962
1751 17.747190
1752 21.776924
1753 14.946945
1754 18.582483
1755 17.422358
1756 15.370288
1757 13.698256
1758 16.259743
1759 15.218989
1760 23.242855
1761 15.951950
1762 25.761688
1763 14.258035
1764 19.682598
1765 14.827460
1766 12.797882
1767 17.955421
1768 17.347376
1769 21.140833
1770 11.405945
1771 16.278196
1772 19.208441
1773 15.621305
1774 17.281832
1775 26.456911
1776 13.067303
1777 16.372952
1778 12.602248
1779 11.689274
1780 22.717907
1781 14.114782
1782 19.052229
1783 19.217381
1784 11.346777
1785 17.297806
1786 10.807290
1787 12.689471
1788 11.534877
1789 16.253592
1790 18.395899
1791 19.490675
1792 18.536039
1793 15.412747
1794 16.713013
1795 23.129486
1796 17.716726
1797 17.717119
1798 14.964294
1799 12.378575
1800 11.955515
1801 11.442883
1802 15.300642
1803 9.510084
1804 13.413358
1805 15.758166
1806 18.868361
1807 10.257162
1808 17.273773
1809 16.119934
1810 21.154465
1811 19.094757
1812 18.437338
1813 17.354561
1814 17.728987
1815 10.306045
1816 12.912053
1817 13.958005
1818 17.483450
1819 23.228682
1820 16.346088
1821 15.057268
1822 10.745970
1823 13.799316
1824 18.787464
1825 16.551558
1826 11.086887
1827 12.458680
1828 8.440688
1829 17.673452
1830 14.014018
1831 16.433388
1832 22.453119
1833 17.007799
1834 14.895373
1835 15.959440
1836 18.050625
1837 19.107958
1838 22.527275
1839 21.621653
1840 19.148811
1841 17.741838
1842 23.613163
1843 14.799678
1844 12.140534
1845 12.547175
1846 23.133036
1847 15.986403
1848 21.628035
1849 18.122631
1850 13.609725
1851 12.241728
1852 11.683180
1853 11.205139
1854 22.956324
1855 13.812117
1856 19.419556
1857 18.049534
1858 11.893092
1859 20.014011
1860 15.088388
1861 17.782999
1862 16.653349
1863 20.105255
1864 13.696594
1865 17.464119
1866 15.605657
1867 17.633410
1868 15.705700
1869 16.737099
1870 12.973986
1871 14.562881
1872 20.983662
1873 11.645312
1874 16.080015
1875 14.304333
1876 18.389063
1877 15.023782
1878 13.269638
1879 16.826302
1880 13.392365
1881 17.726328
1882 16.436357
1883 16.862129
1884 16.352093
1885 20.153717
1886 9.400762
1887 17.598213
1888 15.942097
1889 16.955774
1890 14.215926
1891 11.020493
1892 12.711072
1893 10.956631
1894 16.019068
1895 13.527567
1896 12.194454
1897 19.978983
1898 11.676206
1899 13.210811
1900 18.067482
1901 21.946703
1902 9.218273
1903 22.588539
1904 15.806412
1905 11.367242
1906 18.849321
1907 15.873327
1908 19.503595
1909 17.362278
1910 17.708035
1911 11.603280
1912 16.793633
1913 19.632961
1914 14.774734
1915 22.295380
1916 15.605472
1917 11.523655
1918 11.402405
1919 13.780498
1920 12.403430
1921 25.313942
1922 13.498514
1923 18.760960
1924 19.706741
1925 15.449810
1926 18.038080
1927 11.735523
1928 12.786622
1929 8.679266
1930 16.703783
1931 15.499631
1932 13.996367
1933 14.423203
1934 16.349054
1935 16.955053
1936 17.878815
1937 17.367901
1938 18.475746
1939 15.383774
1940 15.027092
1941 16.583141
1942 16.589142
1943 17.914165
1944 17.836756
1945 15.681597
1946 14.278022
1947 18.465370
1948 10.779643
1949 16.946367
1950 14.011012
1951 18.170893
1952 14.887439
1953 11.742577
1954 21.914219
1955 14.320715
1956 16.231918
1957 12.468716
1958 12.860837
1959 22.857988
1960 13.494595
1961 20.981274
1962 14.605959
1963 15.506767
1964 16.236431
1965 17.387859
1966 19.446041
1967 10.399053
1968 18.331505
1969 11.643190
1970 18.786764
1971 19.317013
1972 12.247690
1973 14.310721
1974 13.505271
1975 15.069716
1976 14.166828
1977 14.999462
1978 22.654562
1979 17.712677
1980 15.247092
1981 14.492711
1982 16.351015
1983 12.663176
1984 13.925085
1985 17.194794
1986 16.120687
1987 22.834768
1988 11.296004
1989 16.324587
1990 25.261974
1991 16.449535
1992 18.661732
1993 15.585128
1994 16.568848
1995 12.305324
1996 14.927800
1997 16.773109
1998 21.393312
1999 12.729716
2000 11.682927
2001 14.620278
2002 16.018791
2003 18.442846
2004 18.698032
2005 13.163640
2006 14.545271
2007 12.313963
2008 15.691730
2009 12.993648
2010 14.079753
2011 17.658831
2012 18.395342
2013 16.878160
2014 10.484855
2015 13.625834
2016 24.316591
2017 23.288002
2018 19.022692
2019 14.055461
2020 12.144255
2021 17.029860
2022 11.711044
2023 15.099555
2024 14.129282
2025 12.357248
2026 13.889365
2027 15.748169
2028 14.727766
2029 20.242617
2030 12.725388
2031 15.431999
2032 15.927767
2033 16.420208
2034 20.711399
2035 19.317654
2036 19.435402
2037 16.398540
2038 17.095402
2039 17.554180
2040 14.150935
2041 18.324072
2042 16.473164
2043 21.466703
2044 13.427957
2045 15.944821
2046 21.978727
2047 18.255449
2048 17.772659
2049 13.814438
2050 17.860798
2051 14.599096
2052 15.830027
2053 11.840442
2054 11.541370
2055 11.610231
2056 16.157053
2057 17.152281
2058 16.292793
2059 10.770719
2060 14.755698
2061 11.912501
2062 14.702114
2063 14.279800
2064 14.679575
2065 11.634417
2066 17.991516
2067 15.046453
2068 18.068563
2069 20.435289
2070 16.919708
2071 16.017345
2072 21.995352
2073 14.888494
2074 14.841616
2075 18.505192
2076 13.600688
2077 15.909839
2078 16.968727
2079 12.085589
2080 12.236701
2081 12.102297
2082 16.016552
2083 13.602883
2084 20.767544
2085 14.908148
2086 19.239668
2087 18.658604
2088 11.087110
2089 15.582891
2090 20.760044
2091 9.058262
2092 15.725796
2093 19.556662
2094 19.196936
2095 19.219074
2096 15.716187
2097 18.584236
2098 19.052097
2099 18.731627
2100 17.693869
2101 17.648840
2102 13.490779
2103 17.435278
2104 16.631392
2105 15.006938
2106 16.017754
2107 21.851122
2108 15.375048
2109 19.546568
2110 16.899805
2111 22.382748
2112 21.062128
2113 17.446676
2114 11.161931
2115 15.053193
2116 15.434509
2117 21.124357
2118 20.258648
2119 14.957648
2120 12.751887
2121 15.343899
2122 17.418846
2123 14.557558
2124 16.137648
2125 13.662844
2126 14.236250
2127 17.403542
2128 18.027748
2129 19.799988
2130 14.856460
2131 13.905973
2132 17.786825
2133 11.087917
2134 19.625902
2135 12.578540
2136 13.843521
2137 15.143413
2138 15.294415
2139 17.075966
2140 15.398027
2141 16.293648
2142 15.711741
2143 15.601114
2144 21.447056
2145 16.352825
2146 14.193926
2147 12.030544
2148 12.926414
2149 16.595848
2150 15.723417
2151 10.426985
2152 15.721307
2153 17.617323
2154 15.899359
2155 19.064268
2156 15.094193
2157 16.763926
2158 16.139013
2159 22.430212
2160 11.377393
2161 16.015915
2162 16.276529
2163 12.879749
2164 14.222055
2165 19.053379
2166 19.997505
2167 11.952141
2168 16.050417
2169 14.525957
2170 16.651516
2171 10.675140
2172 12.517668
2173 18.743073
2174 25.050028
2175 14.051481
2176 16.341391
2177 16.181845
2178 16.429508
2179 15.454425
2180 12.768341
2181 21.117483
2182 18.638649
2183 19.756569
2184 12.232890
2185 10.079257
2186 16.171198
2187 18.293159
2188 11.529005
2189 9.525020
2190 13.195499
2191 11.936955
2192 8.734911
2193 16.866343
2194 13.847260
2195 16.343935
2196 15.041002
2197 11.860713
2198 17.254866
2199 18.566759
2200 22.054399
2201 11.328811
2202 18.859711
2203 9.869927
2204 19.793934
2205 17.780085
2206 12.917969
2207 19.512192
2208 13.732128
2209 21.906216
2210 16.572866
2211 15.808010
2212 15.836563
2213 14.218920
2214 11.758546
2215 9.357779
2216 15.342919
2217 21.562944
2218 13.800749
2219 13.020802
2220 17.872627
2221 16.048641
2222 16.268381
2223 11.077288
2224 15.997409
2225 11.586723
2226 15.968895
2227 9.963666
2228 11.984571
2229 17.663340
2230 11.991050
2231 15.572543
2232 7.586819
2233 17.444984
2234 13.947353
2235 12.657490
2236 14.067842
2237 16.817451
2238 16.388950
2239 22.022808
2240 13.592016
2241 12.457585
2242 14.051254
2243 11.240479
2244 16.962044
2245 13.790725
2246 16.712168
2247 12.286743
2248 14.184943
2249 14.795295
2250 11.511215
2251 13.273832
2252 9.302865
2253 12.960497
2254 23.633728
2255 21.561659
2256 17.649746
2257 10.073752
2258 11.051887
2259 16.543297
2260 12.497164
2261 18.618542
2262 11.896439
2263 11.301658
2264 8.331391
2265 12.372543
2266 17.609535
2267 18.635429
2268 14.261230
2269 14.405809
2270 13.658578
2271 12.099584
2272 11.797918
2273 11.897670
2274 9.435961
2275 7.397285
2276 13.975132
2277 17.029766
2278 10.627709
2279 11.855539
2280 14.215799
2281 15.229931
2282 9.866218
2283 11.717744
2284 21.277462
2285 9.747744
2286 19.948751
2287 7.054272
2288 12.891809
2289 16.400364
2290 18.894766
2291 9.826215
2292 18.491919
2293 8.086513
2294 7.171644
2295 14.325817
2296 9.579269
2297 11.289518
2298 14.722938
2299 17.834738
2300 8.901540
2301 14.873169
2302 10.351992
2303 16.108173
2304 14.670391
2305 12.256751
2306 13.261018
2307 17.015612
2308 10.403835
2309 13.189847
2310 16.011217
2311 14.098369
2312 5.975525
2313 13.201474
2314 14.033848
2315 11.576034
2316 15.703859
2317 15.543728
2318 16.053160
2319 17.858276
2320 11.990493
2321 9.398339
2322 18.004162
2323 10.734246
2324 14.659713
2325 21.046904
2326 15.841030
2327 17.367348
2328 10.534378
2329 13.802461
2330 22.945576
2331 8.920794
2332 12.375520
2333 12.776890
2334 11.956200
2335 15.983103
2336 20.489815
2337 12.067937
2338 20.257351
2339 15.112246
2340 11.674863
2341 7.597722
2342 13.589537
2343 18.111984
2344 13.660968
2345 10.698662
2346 14.086278
2347 12.438577
2348 12.520276
2349 16.050180
2350 8.970120
2351 9.173342
2352 11.388975
2353 8.835895
2354 12.080693
2355 16.393839
2356 12.244869
2357 12.536841
2358 8.103278
2359 11.515813
2360 11.137578
2361 14.925193
2362 11.479458
2363 14.484112
2364 13.519710
2365 11.368093
2366 9.749069
2367 12.185148
2368 7.162705
2369 13.161555
2370 18.940424
2371 13.559445
2372 12.393036
2373 19.945024
2374 4.927417
2375 11.487324
2376 7.817402
2377 8.001989
2378 8.911806
2379 13.348367
2380 12.677787
2381 7.478982
2382 7.787742
2383 8.500236
2384 18.205910
2385 16.696751
2386 6.817720
2387 9.711811
2388 8.077741
2389 9.314459
2390 13.610336
2391 19.313652
2392 12.659178
2393 13.008465
2394 5.775088
2395 8.043180
2396 10.898456
2397 10.882004
2398 13.224258
2399 13.447607
2400 9.239821
2401 11.607618
2402 8.982043
2403 10.190956
2404 13.699573
2405 17.171591
2406 15.398895
2407 7.282402
2408 7.843745
2409 6.904576
2410 12.271748
2411 15.425896
2412 12.829685
2413 9.141807
2414 7.219064
2415 14.210408
2416 10.307199
2417 13.479270
2418 16.624577
2419 10.677177
2420 12.110291
2421 8.433129
2422 30.990862
2423 15.362663
2424 9.091314
2425 9.515479
2426 9.517153
2427 12.162833
2428 9.818439
2429 14.350216
2430 12.079019
2431 9.819564
2432 12.409339
2433 11.248040
2434 10.925290
2435 10.954893
2436 10.955848
2437 11.474532
2438 6.492030
2439 16.371706
2440 9.672346
2441 11.190103
2442 11.054729
2443 12.446384
2444 11.003859
2445 13.891511
2446 4.943874
2447 13.411509
2448 12.603992
2449 12.252926
2450 8.499643
2451 11.964811
2452 8.188662
2453 6.987903
2454 6.688994
2455 11.610600
2456 9.161872
2457 9.527554
2458 8.133142
2459 10.929628
2460 9.825659
2461 10.358835
2462 8.721625
2463 14.766611
2464 13.928870
2465 9.225695
2466 10.041044
2467 11.504120
2468 11.107897
2469 9.209760
2470 16.054607
2471 17.897099
2472 12.113656
2473 10.920300
2474 8.598170
2475 5.442745
2476 13.510986
2477 12.287152
2478 10.215756
2479 9.497529
2480 13.961238
2481 5.901821
2482 10.376643
2483 12.743476
2484 11.431222
2485 8.481244
2486 12.481521
2487 7.265606
2488 10.918546
2489 10.400506
2490 4.379077
2491 15.688744
2492 5.908698
2493 12.693292
2494 14.553689
2495 15.702390
2496 5.098005
2497 13.163966
2498 8.580302
2499 10.858976
2500 10.119493
2501 7.306382
2502 5.677803
2503 5.290952
2504 10.284184
2505 7.387332
2506 7.465119
2507 10.303789
2508 8.344889
2509 13.826813
2510 9.690023
2511 10.327912
2512 9.394088
2513 13.213634
2514 9.208806
2515 12.515388
2516 12.592683
2517 8.429476
2518 7.386257
2519 11.148159
2520 12.270011
2521 9.941953
2522 17.168266
2523 12.981699
2524 13.153416
2525 19.088837
2526 12.262434
2527 10.663430
2528 19.249685
2529 9.324089
2530 9.742337
2531 9.791101
2532 10.212792
2533 6.409727
2534 6.915631
2535 5.314201
2536 14.257453
2537 11.502889
2538 14.395253
2539 14.962375
2540 10.939824
2541 11.005900
2542 9.763729
2543 11.513546
2544 10.363597
2545 8.640045
2546 7.993963
2547 10.802712
2548 8.533904
2549 8.785366
2550 14.125463
2551 4.562808
2552 12.805498
2553 4.286111
2554 9.459340
2555 12.741980
2556 7.677123
2557 11.667232
2558 7.109818
2559 4.959825
2560 10.708435
2561 7.617538
2562 11.842849
2563 20.318203
2564 8.003983
2565 6.718069
2566 16.650425
2567 7.228814
2568 12.864146
2569 13.944042
2570 8.169170
2571 6.733972
2572 9.854355
2573 6.877300
2574 15.188477
2575 16.683008
2576 6.989027
2577 8.910218
2578 8.372677
2579 11.601484
2580 12.131792
2581 6.331458
2582 8.035456
2583 12.251552
2584 9.177152
2585 9.706445
2586 10.673300
2587 17.997145
2588 9.332332
2589 6.290015
2590 11.864726
2591 6.924053
2592 5.740477
2593 4.575670
2594 6.408751
2595 6.523310
2596 8.998965
2597 3.472324
2598 6.792280
2599 11.190391
2600 4.142993
2601 14.264269
2602 16.853247
2603 11.325452
2604 13.745610
2605 9.058728
2606 8.228151
2607 5.040266
2608 8.148361
2609 4.977663
2610 8.405313
2611 10.050996
2612 4.435934
2613 9.744070
2614 12.877217
2615 4.090817
2616 11.888945
2617 6.866578
2618 8.722641
2619 3.862967
2620 9.346542
2621 4.383545
2622 12.830693
2623 7.717855
2624 13.972630
2625 4.493332
2626 4.864523
2627 9.431112
2628 13.374212
2629 4.791397
2630 3.347666
2631 6.455822
2632 9.352938
2633 7.184860
2634 5.289180
2635 7.487649
2636 8.159103
2637 9.084895
2638 7.588537
2639 8.789737
2640 7.119149
2641 5.425605
2642 9.250945
2643 4.428572
2644 6.025585
2645 10.546633
2646 6.295367
2647 8.030645
2648 9.447946
2649 8.225583
2650 10.036121
2651 9.740840
2652 9.495686
2653 6.471410
2654 19.527534
2655 7.571573
2656 5.875112
2657 9.874466
2658 8.962282
2659 6.010091
2660 4.431303
2661 13.961187
2662 8.482579
2663 20.088501
2664 13.740327
2665 7.990495
2666 5.393475
2667 10.823039
2668 7.679213
2669 7.223891
2670 19.482435
2671 14.400805
2672 13.097308
2673 10.042479
2674 7.472620
2675 10.092134
2676 10.334780
2677 10.653407
2678 13.728412
2679 9.091779
2680 9.107103
2681 4.880376
2682 5.651050
2683 9.615024
2684 6.784217
2685 9.138707
2686 8.290778
2687 7.980909
2688 10.334743
2689 11.576504
2690 7.873268
2691 3.214856
2692 4.012357
2693 7.759414
2694 8.138977
2695 6.187952
2696 7.709811
2697 7.994635
2698 13.014354
2699 3.451232
2700 9.068714
2701 17.634436
2702 11.897670
2703 8.508319
2704 12.112776
2705 6.012290
2706 7.289445
2707 6.908217
2708 3.823912
2709 12.420786
2710 10.577001
2711 10.354981
2712 4.275481
2713 19.369719
2714 10.628506
2715 7.174856
2716 8.511511
2717 7.024946
2718 22.195412
2719 8.369887
2720 6.378985
2721 10.749566
2722 9.437553
2723 8.769744
2724 6.602787
2725 12.766905
2726 10.006269
2727 13.286377
2728 12.973652
2729 9.539736
2730 7.932196
2731 7.067913
2732 9.074020
2733 8.227242
2734 5.019536
2735 10.813408
2736 8.559510
2737 12.556058
2738 12.000936
2739 7.569083
2740 5.865108
2741 13.499401
2742 6.746067
2743 5.909121
2744 5.390750
2745 15.301832
2746 8.730789
2747 11.658161
2748 9.002925
2749 10.807990
2750 10.604260
2751 7.895093
2752 5.462418
2753 5.104038
2754 5.514741
2755 4.497821
2756 2.836150
2757 6.481374
2758 2.344483
2759 7.625663
2760 4.662010
2761 3.564420
2762 10.275774
2763 5.121161
2764 8.205622
2765 7.584303
2766 4.554062
2767 8.917129
2768 13.323261
2769 13.404123
2770 10.261462
2771 6.723478
2772 8.327800
2773 12.991472
2774 7.620081
2775 6.723737
2776 7.105520
2777 5.565404
2778 6.198727
2779 6.699067
2780 9.001940
2781 7.140522
2782 16.177059
2783 5.798639
2784 5.336808
2785 4.705838
2786 4.550774
2787 5.565153
2788 6.337823
2789 3.372515
2790 11.089788
2791 12.587368
2792 7.848137
2793 9.328219
2794 7.474588
2795 8.633811
2796 5.122369
2797 3.706221
2798 6.107663
2799 6.665601
2800 5.687045
2801 7.356254
2802 4.802200
2803 7.907353
2804 6.414602
2805 10.075346
2806 5.058638
2807 10.715107
2808 6.584898
2809 6.131764
2810 3.925119
2811 8.189725
2812 15.711470
2813 12.391632
2814 8.868567
2815 4.977412
2816 6.015284
2817 18.022215
2818 7.035211
2819 5.475566
2820 6.182069
2821 10.631850
2822 12.004146
2823 14.003540
2824 12.212871
2825 7.421290
2826 10.318081
2827 6.555254
2828 6.750407
2829 7.092013
2830 7.784539
2831 5.473337
2832 8.953254
2833 7.465873
2834 5.798972
2835 7.802191
2836 3.675092
2837 12.162861
2838 4.656988
2839 6.331123
2840 6.711390
2841 8.314237
2842 4.717425
2843 7.486468
2844 7.069799
2845 11.048406
2846 4.186759
2847 6.669700
2848 7.316017
2849 8.303421
2850 8.479095
2851 9.456597
2852 7.864406
2853 7.561740
2854 3.927412
2855 10.693217
2856 5.546359
2857 5.894999
2858 3.288129
2859 4.813978
2860 4.182733
2861 7.592350
2862 5.103951
2863 9.737655
2864 13.527031
2865 5.412892
2866 6.659662
2867 5.292651
2868 8.327098
2869 7.737707
2870 5.215862
2871 4.806087
2872 5.699018
2873 3.498245
2874 3.456637
2875 4.962195
2876 6.451465
2877 4.823457
2878 3.660557
2879 6.385943
2880 7.211331
2881 7.051972
2882 4.753433
2883 5.571881
2884 2.773993
2885 8.503919
2886 2.702763
2887 5.510870
2888 4.740468
2889 10.540836
2890 4.134823
2891 13.804750
2892 10.147285
2893 8.777533
2894 7.092596
2895 4.045637
2896 7.662102
2897 16.881596
2898 4.257826
2899 9.391079
2900 7.151442
2901 12.112468
2902 6.654022
2903 7.228097
2904 9.593645
2905 10.913868
2906 6.302361
2907 6.105355
2908 6.009623
2909 5.468942
2910 7.491722
2911 12.591288
2912 10.467735
2913 2.914335
2914 7.494008
2915 8.989384
2916 10.986630
2917 12.635246
2918 10.978446
2919 8.895247
2920 6.178925
2921 5.273050
2922 5.957775
2923 6.642444
2924 6.464851
2925 5.421163
2926 16.111532
2927 5.400707
2928 7.758931
2929 9.241120
2930 3.315059
2931 6.412734
2932 5.907239
2933 5.095851
2934 6.909470
2935 6.246728
2936 6.290228
2937 5.332709
2938 11.450109
2939 11.487988
2940 8.642309
2941 6.745514
2942 7.138765
2943 9.127772
2944 8.188334
2945 5.552187
2946 3.884387
2947 3.753813
2948 4.362259
2949 9.440689
2950 3.566665
2951 2.244217
2952 5.168741
2953 4.793532
2954 8.702330
2955 4.902205
2956 3.448612
2957 12.418586
2958 20.942892
2959 4.525949
2960 5.655801
2961 5.402160
2962 7.081304
2963 5.416652
2964 8.911372
2965 4.296877
2966 4.489304
2967 4.273133
2968 15.111591
2969 4.866524
2970 7.096087
2971 3.795101
2972 5.848523
2973 5.777631
2974 5.663347
2975 8.808791
2976 9.855184
2977 7.003788
2978 4.416415
2979 6.016941
2980 4.904760
2981 7.232006
2982 6.152682
2983 8.673651
2984 9.446043
2985 8.684007
2986 6.642295
2987 10.874830
2988 5.905283
2989 4.455822
2990 6.769344
2991 5.535770
2992 7.288081
2993 2.264697
2994 7.365008
2995 13.997295
2996 6.083441
2997 5.251960
2998 6.132839
2999 3.886575
3000 2.607717
3001 5.895747
3002 10.459210
3003 6.452599
3004 3.019889
3005 5.162678
3006 6.489200
3007 9.051327
3008 5.402419
3009 11.427043
3010 9.390206
3011 6.939678
3012 6.867338
3013 10.486899
3014 7.134813
3015 3.355826
3016 4.786891
3017 5.488457
3018 3.073819
3019 3.169662
3020 4.441801
3021 6.305638
3022 5.609694
3023 7.094698
3024 3.674573
3025 3.866199
3026 16.532675
3027 10.069171
3028 9.797380
3029 8.272289
3030 3.669797
3031 10.671094
3032 4.529171
3033 5.368926
3034 3.796108
3035 2.703020
3036 5.446261
3037 10.590330
3038 9.762011
3039 6.433528
3040 5.664955
3041 4.149825
3042 4.198634
3043 6.511255
3044 11.842896
3045 5.614514
3046 4.900488
3047 2.637219
3048 8.191048
3049 4.687002
3050 4.718495
3051 3.297008
3052 8.103095
3053 4.803508
3054 8.646458
3055 8.017943
3056 13.660405
3057 5.186822
3058 2.432123
3059 4.160820
3060 3.238711
3061 5.839417
3062 3.134284
3063 3.965043
3064 5.850784
3065 5.696830
3066 5.901812
3067 4.907104
3068 3.503388
3069 5.773547
3070 13.950524
3071 6.428175
3072 5.848837
3073 6.611029
3074 4.430383
3075 7.354011
3076 4.790774
3077 3.761682
3078 3.080084
3079 7.691082
3080 8.212381
3081 6.580523
3082 5.994187
