0 30.712324
1 32.439842
2 35.943199
3 37.993931
4 35.246933
5 37.626438
6 34.363823
7 28.328701
8 35.502785
9 29.493456
10 27.476870
11 30.828941
12 27.134687
13 36.934273
14 26.571833
15 31.206112
16 29.109270
17 31.287426
18 32.406380
19 28.142368
20 27.524715
21 28.874125
22 27.805593
23 28.675077
24 25.323887
25 35.340355
26 23.449528
27 25.147099
28 27.466650
29 28.417334
30 34.004391
31 27.893600
32 25.853109
33 22.362112
34 28.324467
35 25.896467
36 23.398172
37 33.285599
38 23.074409
39 22.063139
40 23.687353
41 22.626143
42 24.232397
43 25.517761
44 24.444138
45 23.509356
46 20.635283
47 29.340343
48 27.673042
49 26.460262
50 27.693691
51 27.895481
52 22.155773
53 25.374180
54 26.958130
55 18.430143
56 30.794626
57 19.508102
58 23.144857
59 29.178076
60 20.090885
61 22.664606
62 24.037853
63 18.729412
64 27.112396
65 18.341709
66 26.053877
67 20.104893
68 27.257555
69 21.995913
70 22.670759
71 24.660858
72 18.892023
73 23.287058
74 16.282440
75 20.154484
76 22.988003
77 20.809338
78 26.299347
79 22.805965
80 26.200539
81 31.466898
82 22.274126
83 27.284353
84 19.938702
85 19.838861
86 18.567404
87 22.744648
88 22.013950
89 21.360975
90 24.372927
91 20.165800
92 16.958395
93 21.506924
94 24.303444
95 19.392197
96 21.064238
97 14.298244
98 18.912537
99 19.625916
100 21.652157
101 16.532726
102 28.680746
103 26.341562
104 18.476318
105 24.013788
106 19.568750
107 21.458349
108 22.048595
109 19.654833
110 14.860853
111 26.190514
112 16.190870
113 15.837490
114 22.719292
115 21.620056
116 20.577179
117 19.858826
118 16.822966
119 18.907558
120 21.832178
121 15.551811
122 20.156574
123 21.155781
124 18.912899
125 23.187778
126 19.309217
127 19.014156
128 21.392092
129 20.080645
130 16.140774
131 22.938284
132 23.395561
133 17.665930
134 16.640308
135 19.931892
136 13.891569
137 27.143879
138 22.791195
139 15.996627
140 21.884672
141 22.105854
142 16.290119
143 25.005419
144 20.789450
145 29.061020
146 17.139938
147 21.071964
148 22.002001
149 20.305763
150 19.174923
151 26.092072
152 19.589470
153 19.397675
154 16.259031
155 13.968447
156 23.294079
157 15.002431
158 15.368454
159 20.098690
160 14.569301
161 18.948019
162 12.818666
163 22.150757
164 22.287025
165 24.445316
166 16.110058
167 18.666367
168 25.886526
169 16.801283
170 18.768837
171 15.990690
172 25.373329
173 20.001234
174 18.317261
175 23.188442
176 16.652790
177 23.485100
178 16.438332
179 15.045938
180 21.615936
181 14.533615
182 16.579031
183 16.604370
184 22.601610
185 14.568366
186 18.116449
187 15.212004
188 17.948196
189 23.236074
190 18.964943
191 13.723489
192 8.529225
193 24.915165
194 17.612627
195 20.712030
196 22.547451
197 18.188349
198 21.084900
199 19.589804
200 21.678509
201 18.613415
202 18.843977
203 14.147292
204 19.721838
205 19.541334
206 19.010607
207 17.316055
208 21.962729
209 21.971609
210 20.022879
211 20.206711
212 25.796953
213 19.275072
214 22.513344
215 19.984234
216 17.215942
217 26.749565
218 29.868872
219 29.739960
220 11.128747
221 18.021475
222 17.798717
223 12.593127
224 14.953038
225 16.176901
226 19.588003
227 16.725340
228 20.228374
229 14.642302
230 23.303999
231 17.219891
232 27.454302
233 16.867966
234 10.746497
235 18.523890
236 18.733244
237 25.473171
238 17.094408
239 21.649572
240 20.562996
241 17.552488
242 22.076508
243 25.926395
244 30.521807
245 21.369640
246 26.900469
247 22.850172
248 23.020090
249 21.857525
250 22.649164
251 19.429682
252 15.715290
253 24.231855
254 14.994289
255 19.829023
256 17.371443
257 26.861429
258 12.887307
259 22.156567
260 17.479929
261 22.799911
262 12.782479
263 13.780119
264 13.891716
265 26.512020
266 16.594969
267 13.764491
268 14.641462
269 21.517241
270 18.010305
271 19.423609
272 18.015928
273 13.499006
274 16.277182
275 13.542009
276 10.085877
277 16.046446
278 28.704481
279 14.156255
280 10.839465
281 18.523588
282 19.067007
283 20.169771
284 16.476021
285 19.114723
286 11.436184
287 16.004026
288 13.981682
289 14.652949
290 19.341318
291 13.356340
292 16.662746
293 23.315102
294 22.079159
295 15.117382
296 18.004910
297 16.452055
298 12.494987
299 14.219623
300 16.497532
301 18.408171
302 13.590517
303 12.299687
304 16.307190
305 10.965097
306 21.675776
307 10.673232
308 31.940929
309 26.000795
310 17.954943
311 17.304760
312 28.268148
313 16.862341
314 11.806193
315 21.429602
316 17.837543
317 10.970692
318 10.699696
319 14.147998
320 23.581806
321 23.981546
322 19.983101
323 13.426789
324 12.490804
325 18.562002
326 13.702124
327 20.407423
328 23.195652
329 10.620991
330 7.633109
331 17.137970
332 13.196722
333 16.003578
334 19.994524
335 12.143338
336 7.793774
337 15.326191
338 19.671474
339 13.012168
340 19.105631
341 17.587299
342 16.790552
343 15.192462
344 27.542772
345 10.969104
346 12.940251
347 8.907072
348 16.343924
349 12.262212
350 14.271490
351 11.408612
352 17.658695
353 12.649210
354 10.036621
355 9.043254
356 21.312302
357 9.308491
358 10.384182
359 12.979442
360 22.392900
361 23.098267
362 21.269201
363 7.877510
364 13.948198
365 15.759597
366 9.240727
367 14.465446
368 12.430643
369 15.100553
370 13.080005
371 8.010395
372 10.482535
373 12.835648
374 13.979443
375 9.704505
376 12.729078
377 15.407764
378 19.915230
379 15.996257
380 16.867498
381 8.883945
382 16.854860
383 25.157806
384 13.228015
385 12.998757
386 6.672387
387 21.004543
388 12.885934
389 17.609310
390 14.819853
391 9.380824
392 11.368979
393 18.032696
394 16.501278
395 12.219426
396 9.990675
397 20.033388
398 13.540144
399 18.625338
400 11.741708
401 7.752501
402 12.849252
403 6.542185
404 18.343897
405 10.283649
406 15.969754
407 15.330615
408 18.364075
409 13.341837
410 11.609035
411 10.295597
412 9.409648
413 13.552068
414 12.843664
415 11.708606
416 14.598073
417 9.690770
418 16.033579
419 16.827578
420 10.551712
421 12.455159
422 20.349165
423 13.116569
424 25.223528
425 12.991296
426 17.663933
427 15.712700
428 24.810495
429 19.857830
430 13.182959
431 12.148622
432 18.116177
433 14.543152
434 17.731318
435 15.073414
436 17.511963
437 20.128714
438 14.104038
439 19.336012
440 13.355983
441 11.920811
442 15.069214
443 12.490102
444 9.268467
445 16.597717
446 18.886196
447 20.968029
448 12.299870
449 16.798964
450 10.109118
451 28.247061
452 18.492060
453 16.281458
454 19.593334
455 11.094615
456 12.377978
457 12.295924
458 10.560862
459 14.227588
460 14.061241
461 17.706730
462 11.795639
463 14.174781
464 8.913847
465 8.313755
466 8.513251
467 7.570702
468 20.556044
469 9.981446
470 13.136445
471 10.032026
472 12.497437
473 8.018542
474 17.297680
475 8.366523
476 11.574631
477 16.274248
478 9.474622
479 12.194385
480 15.111805
481 18.342119
482 8.025615
483 9.230767
484 10.317035
485 10.326462
486 17.600700
487 8.613253
488 12.109138
489 12.284984
490 8.944558
491 18.147238
492 22.951128
493 17.177856
494 10.796557
495 12.369133
496 13.773882
497 11.574655
498 12.132670
499 13.665340
500 5.924507
501 7.318491
502 19.613886
503 6.589404
504 7.883363
505 12.001185
506 13.313792
507 6.259950
508 15.735892
509 8.939485
510 10.510622
511 14.067703
512 11.573831
513 13.082939
514 5.706663
515 11.382420
516 10.913592
517 13.531284
518 9.603682
519 8.474467
520 9.409927
521 11.727954
522 10.597482
523 9.965844
524 16.771645
525 6.370089
526 12.665775
527 10.585127
528 15.457158
529 11.227578
530 12.858238
531 8.196786
532 10.818830
533 7.935402
534 7.205341
535 13.422351
536 13.573330
537 13.204722
538 10.710721
539 8.868026
540 7.734099
541 12.963413
542 6.013956
543 23.136189
544 16.087915
545 8.407763
546 8.307982
547 9.971279
548 5.551189
549 13.574614
550 9.901189
551 12.169946
552 8.457429
553 9.492023
554 9.861878
555 11.205943
556 5.494998
557 12.448100
558 14.141429
559 18.589016
560 14.519363
561 9.965654
562 10.622180
563 8.995441
564 14.956255
565 16.507999
566 11.892911
567 12.414756
568 13.409591
569 8.631261
570 13.159965
571 7.609631
572 10.255350
573 11.101620
574 8.621827
575 14.536152
576 9.433973
577 15.679899
578 11.431419
579 29.061314
580 12.839775
581 13.715189
582 7.541457
583 9.219392
584 12.498300
585 12.537837
586 15.150430
587 11.515483
588 6.571675
589 11.492288
590 10.422090
591 12.204634
592 17.843449
593 8.526224
594 14.689009
595 6.188179
596 13.100918
597 4.908059
598 11.221383
599 13.647453
600 12.872833
601 9.579010
602 19.394991
603 9.224408
604 5.920725
605 10.180770
606 7.219955
607 9.209161
608 9.359445
609 8.031676
610 5.988519
611 9.993068
612 13.453932
613 7.011247
614 7.428449
615 9.166235
616 8.437592
617 10.106046
618 6.160492
619 8.346536
620 10.438570
621 5.530703
622 14.633650
623 8.793761
624 5.762712
625 17.632925
626 14.637607
627 13.334788
628 8.377723
629 9.846180
630 8.900455
631 5.912196
632 7.805187
633 15.041951
634 7.464094
635 7.866858
636 12.234344
637 6.529364
638 7.353194
639 6.074658
640 13.261915
641 15.496299
642 13.748719
643 5.847614
644 5.829665
645 4.097275
646 4.917644
647 11.176343
648 8.449982
649 6.543877
650 6.947888
651 9.215106
652 9.737548
653 11.440871
654 4.467495
655 12.561651
656 4.467972
657 7.488953
658 13.604523
659 7.076329
660 11.026377
661 13.077996
662 8.088675
663 12.730886
664 4.774933
665 12.562748
666 9.211967
667 12.332740
668 8.824042
669 14.957572
670 9.667896
671 13.625808
672 11.731111
673 12.377324
674 4.472094
675 10.438579
676 6.380474
677 2.381380
678 13.451047
679 3.830935
680 11.031033
681 8.274933
682 6.287763
683 7.674605
684 8.376696
685 6.162358
686 6.043665
687 17.875914
688 14.053613
689 12.701770
690 5.721868
691 13.513721
692 11.185620
693 9.749673
694 11.695847
695 11.192286
696 9.450341
697 10.020906
698 10.550891
699 9.635635
700 3.237863
701 9.826519
702 5.467821
703 6.813590
704 8.731201
705 10.335671
706 6.552029
707 8.115783
708 4.130606
709 4.107805
710 6.013971
711 13.437870
712 6.196504
713 11.554489
714 12.350856
715 4.869472
716 9.686234
717 4.724007
718 6.144122
719 10.952176
720 7.869024
721 7.082971
722 6.231753
723 9.084298
724 9.251431
725 6.020711
726 3.908798
727 11.089927
728 8.435084
729 5.928317
730 4.775099
731 5.333116
732 6.395772
733 4.475693
734 5.022991
735 10.426551
736 12.967652
737 11.306771
738 8.949736
739 8.769043
740 5.113468
741 3.245778
742 5.483740
743 6.650742
744 7.512486
745 14.795848
746 12.206349
747 12.104345
748 12.140089
749 8.850931
750 7.973612
751 7.170202
752 8.352695
753 12.255983
754 10.908401
755 8.249395
756 9.615167
757 11.796570
758 15.176044
759 13.563612
760 6.769867
761 6.899646
762 5.593856
763 6.777650
764 8.396600
765 13.809366
766 14.531919
767 11.549288
768 10.826106
769 14.811735
770 8.898173
771 11.649489
772 9.826434
773 8.126266
774 7.073243
775 6.985727
776 9.054793
777 7.984107
778 8.532296
779 8.414500
780 9.545409
781 14.005842
782 14.914907
783 8.868145
784 7.272040
785 10.960712
786 4.076148
787 4.616947
788 11.996357
789 5.890119
790 5.543342
791 5.387037
792 8.803092
793 8.714172
794 12.556100
795 13.273878
796 14.311481
797 7.180221
798 7.273000
799 6.271235
800 11.239577
801 6.239324
802 10.881882
803 5.208363
804 8.647507
805 9.076453
806 9.805467
807 7.233657
808 10.328766
809 9.803368
810 9.389610
811 15.980865
812 6.059992
813 7.974690
814 15.960960
815 16.272715
816 9.795973
817 11.769749
818 16.166494
819 6.916445
820 4.887459
821 7.614054
822 8.555350
823 5.484478
824 7.239380
825 5.933043
826 13.332783
827 7.985423
828 7.249568
829 11.491796
830 8.871487
831 14.987704
832 3.965788
833 3.516154
834 20.391811
835 4.589236
836 8.241703
837 7.865506
838 9.376452
839 6.019746
840 10.613634
841 9.255903
842 8.921123
843 5.191562
844 4.897957
845 6.393025
846 13.458851
847 9.776852
848 7.553303
849 17.499092
850 7.496684
851 22.438364
852 9.370071
853 7.101494
854 8.812016
855 17.123230
856 7.134313
857 13.395164
858 3.505551
859 16.710300
860 9.081832
861 9.216474
862 13.830185
863 11.183334
864 5.753734
865 8.154478
866 12.674334
867 13.080710
868 4.203891
869 12.030269
870 5.818087
871 11.713428
872 7.149128
873 5.810327
874 14.727204
875 9.065118
876 11.033584
877 7.161624
878 13.481637
879 11.439319
880 8.285110
881 15.762091
882 6.523942
883 12.040082
884 4.394248
885 10.113116
886 9.109660
887 5.826589
888 14.342246
889 9.336200
890 13.005322
891 8.805067
892 17.087204
893 6.766896
894 9.856467
895 13.957302
896 7.347421
897 16.346291
898 12.611111
899 7.990246
900 7.794174
901 5.704913
902 6.305346
903 7.776719
904 10.116910
905 7.361030
906 7.697449
907 6.902340
908 6.104338
909 4.945029
910 10.921299
911 5.629190
912 10.403274
913 12.639270
914 9.599200
915 10.014429
916 6.028617
917 7.207647
918 10.240353
919 8.513568
920 4.834831
921 6.310909
922 12.778259
923 7.188707
924 7.791425
925 7.696459
926 6.499207
927 8.246829
928 4.436937
929 8.601264
930 9.609698
931 11.578828
932 9.013126
933 9.921241
934 6.383579
935 7.201509
936 11.958991
937 20.408552
938 8.435504
939 5.981094
940 7.318925
941 17.291801
942 7.598448
943 9.726546
944 11.998514
945 14.040329
946 4.874231
947 11.740505
948 8.065157
949 10.921091
950 8.361740
951 11.145842
952 11.510679
953 5.406204
954 3.925805
955 5.263953
956 10.649354
957 8.569992
958 12.760825
959 5.215147
960 12.897832
961 8.874398
962 9.443743
963 6.694177
964 7.884150
965 7.639459
966 6.132676
967 6.364598
968 6.363950
969 7.852690
970 2.923771
971 5.178592
972 12.281753
973 5.087604
974 7.920350
975 5.326977
976 7.815583
977 5.763166
978 9.444204
979 4.721365
980 15.029508
981 5.996778
982 3.969105
983 5.400029
984 7.970109
985 5.398678
986 3.658046
987 5.914196
988 3.387634
989 3.644707
990 7.310380
991 3.842659
992 9.070608
993 5.514769
994 11.234777
995 15.170493
996 3.953979
997 3.971877
998 5.904958
999 3.658239
1000 12.151172
1001 5.944681
1002 3.495305
1003 3.360594
1004 6.844228
1005 3.263523
1006 8.195014
1007 3.275256
1008 17.940428
1009 10.019847
1010 8.197226
1011 7.731333
1012 8.974943
1013 3.120636
1014 6.464090
1015 9.653353
1016 8.049688
1017 5.514344
1018 7.492415
1019 6.068605
1020 5.682314
1021 5.781748
1022 1.933390
1023 8.328580
1024 13.203289
1025 5.378052
1026 4.954335
1027 4.723166
1028 5.050583
1029 5.403831
1030 4.745424
1031 10.094149
1032 3.371638
1033 14.686009
1034 6.205737
1035 9.515411
1036 9.406123
1037 17.213686
1038 11.273613
1039 2.458667
1040 3.834789
1041 9.559323
1042 3.860298
1043 9.279461
1044 12.586506
1045 4.807066
1046 5.784226
1047 6.620953
1048 3.435865
1049 6.641018
1050 3.797040
1051 8.176291
1052 8.298717
1053 7.603305
1054 7.386181
1055 9.724062
1056 2.927733
1057 4.593379
1058 4.212986
1059 7.355569
1060 3.366399
1061 4.406612
1062 4.883528
1063 8.860704
1064 5.475534
1065 9.865371
1066 2.765519
1067 10.393935
1068 6.227491
1069 6.565727
1070 7.314920
1071 5.663981
1072 3.786422
1073 14.122430
1074 9.866220
1075 7.275655
1076 11.048943
1077 3.271873
1078 10.064108
1079 11.094072
1080 12.869548
1081 4.871147
1082 11.514901
1083 12.488962
1084 6.155065
1085 5.387041
1086 6.163329
1087 7.238385
1088 5.871284
1089 4.868127
1090 5.407839
1091 9.342242
1092 9.032689
1093 11.269074
1094 4.692103
1095 9.650302
1096 7.747817
1097 4.781871
1098 14.116517
1099 12.171584
1100 6.466125
1101 4.188278
1102 3.073466
1103 3.665200
1104 4.752158
1105 3.008725
1106 5.381852
1107 9.935949
1108 8.702943
1109 4.571683
1110 3.464009
1111 5.397278
1112 8.411963
1113 7.577516
1114 9.158915
1115 10.740449
1116 4.032441
1117 8.381295
1118 6.396555
1119 3.412602
1120 5.576517
1121 6.766982
1122 11.599990
1123 4.328437
1124 4.554505
1125 3.953979
1126 7.490215
1127 3.158335
1128 4.467109
1129 5.058909
1130 5.312190
1131 5.283051
1132 11.551972
1133 17.048306
1134 10.715281
1135 11.825326
1136 7.309661
1137 13.249823
1138 6.502740
1139 5.661008
1140 7.321288
1141 5.550091
1142 4.573450
1143 7.116531
1144 5.954576
1145 5.725018
1146 6.604410
1147 6.278983
1148 7.344899
1149 9.556196
1150 10.635672
1151 11.610744
1152 10.402361
1153 14.882070
1154 8.231524
1155 10.838581
1156 11.304820
1157 11.345158
1158 9.960416
1159 3.103367
1160 9.755972
1161 17.686972
1162 10.051723
1163 8.271244
1164 6.260983
1165 3.963266
1166 8.334531
1167 6.459290
1168 12.509384
1169 4.086539
1170 12.234569
1171 9.257599
1172 8.365679
1173 13.079247
1174 8.445213
1175 2.276463
1176 5.105311
1177 5.831054
1178 9.312639
1179 8.338042
1180 7.814652
1181 6.722576
1182 6.142366
1183 5.273769
1184 4.970555
1185 7.161223
1186 2.207980
1187 9.975832
1188 7.322320
1189 7.983602
1190 5.585337
1191 10.217938
1192 4.807921
1193 10.187340
1194 8.929979
1195 5.286754
1196 7.253545
1197 5.404797
1198 11.803107
1199 10.865606
1200 3.078904
1201 1.424729
1202 5.119004
1203 6.387232
1204 5.339828
1205 8.558319
1206 4.148128
1207 4.894593
1208 3.731262
1209 7.944247
1210 5.167149
1211 10.159543
1212 4.960375
1213 4.772643
1214 15.836218
1215 9.230762
1216 7.369264
1217 11.476856
1218 7.587508
1219 5.193196
1220 7.411543
1221 5.438068
1222 3.656402
1223 6.006909
1224 4.592424
1225 4.663206
1226 6.993684
1227 6.662851
1228 4.606429
1229 4.201930
1230 5.070160
1231 6.996974
1232 6.908599
1233 4.134130
1234 2.500918
1235 5.436677
1236 7.507463
1237 12.468733
1238 8.584151
1239 7.755195
1240 3.645274
1241 9.409435
1242 9.292282
1243 12.210999
1244 4.453747
1245 7.518447
1246 2.276777
1247 11.819908
1248 15.970483
1249 4.200182
1250 3.334809
1251 5.562731
1252 5.134852
1253 8.526411
1254 8.631428
1255 5.945211
1256 4.972670
1257 5.432852
1258 3.569021
1259 15.488740
1260 3.318281
1261 4.885729
1262 6.956545
1263 6.940672
1264 5.873491
1265 4.165210
1266 4.385273
1267 7.018995
1268 3.955819
1269 5.077325
1270 5.806315
1271 4.389286
1272 6.795776
1273 4.793096
1274 2.944125
1275 4.258064
1276 7.832481
1277 15.618164
1278 4.050914
1279 2.140594
1280 5.107546
1281 7.511831
1282 3.131248
1283 5.649484
1284 6.984814
1285 3.596802
1286 3.962655
1287 5.110552
1288 5.075087
1289 6.455188
1290 3.893631
1291 5.194169
1292 8.113452
1293 1.983765
1294 6.127065
1295 8.843403
1296 3.436666
1297 7.417198
1298 3.047578
1299 3.760626
1300 4.922608
1301 11.472719
1302 9.391017
1303 2.760421
1304 5.386971
1305 2.978757
1306 15.127199
1307 6.801624
1308 3.895840
1309 7.596117
1310 2.473943
1311 9.055621
1312 14.327595
1313 3.073660
1314 6.545306
1315 3.398920
1316 11.466789
1317 4.618843
1318 8.669354
1319 7.227719
1320 5.393740
1321 3.946476
1322 6.979095
1323 8.235403
1324 4.762994
1325 6.024014
1326 11.595251
1327 7.294775
1328 3.194870
1329 2.911960
1330 3.124594
1331 4.378040
1332 2.238518
1333 3.186376
1334 6.019090
1335 4.700362
1336 4.947542
1337 10.081701
1338 2.115504
1339 2.655128
1340 5.421666
1341 4.149162
1342 6.753452
1343 4.395374
1344 3.684487
1345 9.360474
1346 5.949608
1347 5.178195
1348 7.813358
1349 7.270557
1350 6.466768
1351 2.587336
1352 5.067746
1353 9.275683
1354 2.420606
1355 6.316241
1356 4.637528
1357 3.075823
1358 10.552346
1359 2.710988
1360 2.080843
1361 4.118826
1362 3.219763
1363 7.992073
1364 3.137198
1365 4.352928
1366 4.560323
1367 2.716324
1368 4.143821
1369 2.140217
1370 2.656415
1371 5.259548
1372 11.709019
1373 2.641250
1374 7.488075
1375 3.298426
1376 12.420037
1377 14.121161
1378 5.492239
1379 3.419187
1380 7.586298
1381 7.673468
1382 5.997834
1383 2.969560
1384 5.637349
1385 5.621412
1386 4.378079
1387 2.987646
1388 2.777329
1389 10.121675
1390 7.925241
1391 1.669947
1392 9.974170
1393 10.101931
1394 3.686003
1395 14.604004
1396 3.498082
1397 11.355557
1398 9.975352
1399 7.779023
1400 11.630547
1401 5.730188
1402 4.090192
1403 12.929581
1404 9.343781
1405 14.013102
1406 10.485758
1407 5.317572
1408 4.571662
1409 6.544436
1410 6.772034
1411 4.185552
1412 6.471785
1413 6.823853
1414 6.969687
1415 7.867557
1416 3.508338
1417 7.591937
1418 19.624475
1419 11.371580
1420 9.531797
1421 13.180223
1422 9.093244
1423 13.464060
1424 8.290578
1425 8.123856
1426 8.066470
1427 8.595683
1428 6.818236
1429 8.485448
1430 6.653190
1431 13.682069
1432 7.520515
1433 5.634282
1434 9.613151
1435 6.963505
1436 5.948003
1437 5.104537
1438 9.059134
1439 9.183150
1440 4.117100
1441 9.701381
1442 6.140368
1443 2.238769
1444 7.822176
1445 8.958775
1446 7.203351
1447 10.715022
1448 3.893302
1449 5.167161
1450 4.934557
1451 7.881778
1452 6.107765
1453 7.957674
1454 7.591775
1455 6.008999
1456 8.674826
1457 4.781579
1458 4.104930
1459 1.765490
1460 4.692793
1461 8.999892
1462 7.387728
1463 5.940239
1464 8.842901
1465 4.045264
1466 6.810998
1467 8.083625
1468 6.738503
1469 4.099805
1470 3.764092
1471 9.135467
1472 3.224567
1473 6.815121
1474 2.300929
1475 4.767978
1476 5.353041
1477 9.142557
1478 2.806911
1479 4.688286
1480 4.998391
1481 3.624094
1482 11.081937
1483 7.911017
1484 8.325206
1485 2.513031
1486 5.364141
1487 1.748170
1488 5.126941
1489 5.702358
1490 3.521829
1491 2.910601
1492 2.923112
1493 9.852512
1494 1.414135
1495 6.465221
1496 3.067198
1497 2.127951
1498 7.060168
1499 3.669219
1500 6.421998
1501 3.572469
1502 10.566137
1503 9.189154
1504 7.647660
1505 3.991274
1506 5.633828
1507 3.974329
1508 8.478102
1509 10.161041
1510 14.715124
1511 5.916605
1512 7.850862
1513 7.433088
1514 8.003529
1515 2.079225
1516 5.098444
1517 3.548748
1518 2.065961
1519 7.335407
1520 5.358386
1521 4.974878
1522 3.592452
1523 10.524255
1524 6.887207
1525 8.405955
1526 5.185462
1527 7.416842
1528 4.380739
1529 7.362057
1530 5.309120
1531 2.819639
1532 5.168431
1533 2.496274
1534 5.996228
1535 6.036836
1536 5.841142
1537 4.902545
1538 13.759659
1539 6.264022
1540 3.424903
1541 4.488109
1542 7.381665
1543 2.555114
1544 6.987732
1545 9.312591
1546 4.618046
1547 6.954988
1548 3.356076
1549 5.850305
1550 9.010505
1551 2.852610
1552 5.386184
1553 3.383193
1554 3.149180
1555 2.501768
1556 14.874204
1557 8.595027
1558 7.401273
1559 11.383451
1560 6.508375
1561 3.395154
1562 6.114583
1563 7.278088
1564 7.437143
1565 5.245224
1566 4.817468
1567 5.395624
1568 7.909038
1569 8.549702
1570 4.328299
1571 3.471331
1572 5.032779
1573 1.305289
1574 6.647152
1575 13.966467
1576 3.906384
1577 1.997074
1578 2.940419
1579 5.689085
1580 4.758673
1581 4.072576
1582 4.122621
1583 3.249969
1584 4.997130
1585 2.711482
1586 12.069131
1587 6.537756
1588 2.422040
1589 3.200073
1590 3.013104
1591 5.928121
1592 2.672091
1593 4.903419
1594 4.754474
1595 8.975762
1596 3.110342
1597 3.642750
1598 9.950377
1599 2.166027
1600 3.346884
1601 8.467247
1602 3.393018
1603 8.743380
1604 16.155264
1605 4.215297
1606 3.667661
1607 6.071039
1608 2.374639
1609 2.866944
1610 4.729697
1611 5.376699
1612 7.373841
1613 5.779119
1614 6.042657
1615 3.290778
1616 6.600223
1617 5.900075
1618 6.741723
1619 3.682170
1620 2.779734
1621 3.219321
1622 3.398677
1623 2.015535
1624 5.205501
1625 9.202841
1626 3.283449
1627 14.181697
1628 8.652302
1629 8.257827
1630 7.845780
1631 3.503861
1632 5.844232
1633 7.925604
1634 1.993272
1635 7.124808
1636 4.156539
1637 2.822428
1638 4.440606
1639 6.482039
1640 5.406953
1641 4.809952
1642 2.867311
1643 5.647677
1644 4.567552
1645 6.272048
1646 2.936189
1647 4.240633
1648 3.550056
1649 2.471859
1650 4.470333
1651 2.922106
1652 7.886738
1653 4.717902
1654 2.337591
1655 3.184881
1656 5.312171
1657 8.787371
1658 7.521647
1659 14.083999
1660 4.818161
1661 6.806133
1662 2.415860
1663 2.761213
1664 2.216971
1665 2.582357
1666 2.593552
1667 11.093088
1668 11.191125
1669 1.325594
1670 4.298025
1671 3.108845
1672 6.318918
1673 3.907902
1674 6.377437
1675 5.287942
1676 3.482953
1677 2.720691
1678 3.814276
1679 4.460889
1680 8.953662
1681 3.318901
1682 9.179312
1683 4.294415
1684 1.673715
1685 3.076209
1686 1.718688
1687 4.114623
1688 6.406250
1689 8.009620
1690 4.700741
1691 10.561168
1692 8.816457
1693 6.031777
1694 6.093682
1695 2.953118
1696 3.330444
1697 4.708689
1698 5.714221
1699 2.416432
1700 9.760125
1701 4.389852
1702 2.321803
1703 4.328056
1704 7.425405
1705 4.508492
1706 3.006908
1707 6.294725
1708 7.271819
1709 8.843896
1710 7.045384
1711 10.780824
1712 2.592649
1713 10.709875
1714 2.408859
1715 4.776963
1716 5.266346
1717 5.621165
1718 4.745955
1719 8.354219
1720 5.658896
1721 15.145473
1722 5.086048
1723 6.731141
1724 7.913932
1725 5.804187
1726 7.702856
1727 2.478071
1728 2.477150
1729 8.212053
1730 8.750255
1731 9.861703
1732 3.300049
1733 7.554165
1734 4.175207
1735 5.892485
1736 5.133118
1737 6.569904
1738 5.383467
1739 11.919263
1740 7.956036
1741 6.511023
1742 6.006258
1743 3.977003
1744 10.978119
1745 5.995793
1746 4.286558
1747 2.791422
1748 6.994707
1749 18.707487
1750 3.773608
1751 5.705422
1752 8.821406
1753 15.263740
1754 9.780169
1755 3.808960
1756 12.395627
1757 5.688838
1758 7.091906
1759 5.602265
1760 9.297858
1761 4.085950
1762 13.339392
1763 7.985939
1764 10.612000
1765 7.281902
1766 8.318232
1767 10.594043
1768 13.882648
1769 8.219068
1770 3.887189
1771 7.151782
1772 11.632527
1773 7.992661
1774 7.881729
1775 11.281553
1776 8.150752
1777 6.496255
1778 5.595712
1779 3.648139
1780 6.494650
1781 4.449325
1782 6.583257
1783 12.038871
1784 6.631811
1785 4.793367
1786 5.747340
1787 2.765940
1788 6.257817
1789 5.427488
1790 3.611436
1791 13.597129
1792 5.897200
1793 10.767203
1794 6.272654
1795 6.142561
1796 3.017701
1797 5.650693
1798 5.580326
1799 5.109169
1800 6.201999
1801 3.133503
1802 6.615447
1803 3.529768
1804 6.862192
1805 9.869050
1806 11.739875
1807 2.894600
1808 6.304751
1809 3.393450
1810 3.999810
1811 10.867835
1812 5.082102
1813 3.252712
1814 3.126233
1815 2.379703
1816 3.956361
1817 7.053934
1818 3.944841
1819 6.473446
1820 6.734464
1821 2.697121
1822 5.977577
1823 3.671089
1824 6.313334
1825 5.432283
1826 3.968991
1827 1.734790
1828 4.394017
1829 10.365962
1830 2.909231
1831 7.293000
1832 4.922979
1833 10.359999
1834 5.600394
1835 3.315686
1836 8.222334
1837 1.690283
1838 6.770941
1839 3.645724
1840 12.297256
1841 6.376589
1842 5.401183
1843 2.381319
1844 2.149022
1845 2.119401
1846 4.449405
1847 3.977793
1848 4.831729
1849 4.680516
1850 5.816616
1851 5.660042
1852 9.679955
1853 2.828917
1854 7.908473
1855 4.916224
1856 2.699649
1857 3.107163
1858 1.875172
1859 3.527288
1860 5.399928
1861 4.418837
1862 2.755325
1863 9.032181
1864 8.911510
1865 3.724710
1866 3.015496
1867 6.804691
1868 4.101133
1869 6.021893
1870 4.258894
1871 4.882044
1872 5.014390
1873 6.650332
1874 5.576185
1875 1.888763
1876 4.862985
1877 5.466702
1878 1.411582
1879 7.270208
1880 4.023959
1881 7.257240
1882 5.116186
1883 6.913206
1884 3.135357
1885 4.007940
1886 2.658962
1887 6.344782
1888 6.498755
1889 5.525265
1890 4.755248
1891 6.434167
1892 7.066112
1893 5.808848
1894 9.548673
1895 3.013893
1896 4.186052
1897 7.116503
1898 3.725206
1899 10.252337
1900 7.989396
1901 6.016147
1902 5.931689
1903 10.391385
1904 4.624537
1905 2.296399
1906 4.527646
1907 4.187831
1908 8.370123
1909 7.803324
1910 5.270576
1911 7.566854
1912 7.268686
1913 7.877686
1914 9.375722
1915 7.204061
1916 5.769693
1917 5.711435
1918 1.865572
1919 11.094947
1920 5.910048
1921 8.016711
1922 2.649028
1923 12.799089
1924 5.116139
1925 7.234295
1926 5.585340
1927 3.967757
1928 11.612206
1929 1.642741
1930 5.887908
1931 1.621825
1932 10.001975
1933 2.981376
1934 5.949346
1935 8.087379
1936 3.550016
1937 4.757290
1938 11.514896
1939 2.773419
1940 4.014902
1941 3.921155
1942 3.659477
1943 1.766255
1944 6.919421
1945 4.310028
1946 10.248121
1947 5.389706
1948 3.443554
1949 5.545856
1950 2.008968
1951 6.977550
1952 5.806922
1953 8.697849
1954 11.061119
1955 5.626317
1956 11.650408
1957 4.881444
1958 3.538098
1959 6.383494
1960 4.099422
1961 3.317861
1962 7.708236
1963 2.537776
1964 4.871043
1965 1.969721
1966 6.624226
1967 1.237862
1968 2.067393
1969 5.126371
1970 2.115426
1971 4.374311
1972 3.610333
1973 4.426795
1974 2.169702
1975 3.288817
1976 8.181488
1977 3.936263
1978 8.121604
1979 13.323654
1980 6.847185
1981 3.677199
1982 3.450568
1983 6.462210
1984 3.758182
1985 6.833336
1986 2.328864
1987 6.713904
1988 2.550726
1989 10.076880
1990 7.079831
1991 8.088498
1992 4.422791
1993 3.066707
1994 4.006989
1995 4.498719
1996 3.651508
1997 2.968211
1998 5.246483
1999 4.595433
2000 3.776090
2001 7.665052
2002 5.526355
2003 10.982138
2004 5.025180
2005 5.112788
2006 4.619686
2007 3.692786
2008 2.593709
2009 3.514732
2010 2.292590
2011 7.978660
2012 1.640168
2013 2.562642
2014 5.019446
2015 2.772599
2016 2.813099
2017 2.539499
2018 3.235985
2019 3.400962
2020 3.402131
2021 5.549605
2022 3.523618
2023 5.904372
2024 1.369145
2025 4.873963
2026 1.624946
2027 6.451007
2028 3.074739
2029 3.049509
2030 3.742470
2031 5.460059
2032 3.148350
2033 1.609987
2034 5.294226
2035 2.319620
2036 4.337809
2037 3.824527
2038 5.455043
2039 5.071937
2040 8.471934
2041 2.152716
2042 4.010385
2043 9.264030
2044 6.551347
2045 6.729855
2046 11.098990
2047 4.606185
2048 3.772095
2049 4.150532
2050 1.703318
2051 3.172736
2052 4.312767
2053 3.739964
2054 10.039356
2055 3.393219
2056 6.405357
2057 5.284427
2058 12.139338
2059 2.042846
2060 2.050011
2061 3.692305
2062 7.075871
2063 7.179247
2064 4.610751
2065 4.292286
2066 5.266405
2067 2.923530
2068 11.206633
2069 2.368731
2070 2.693334
2071 7.775859
2072 4.580292
2073 6.670646
2074 2.359205
2075 6.617113
2076 3.533694
2077 4.367113
2078 4.408055
2079 3.799766
2080 2.853355
2081 3.626490
2082 2.276908
2083 2.752624
2084 5.464646
2085 7.446157
2086 4.673577
2087 3.446518
2088 6.046213
2089 4.066702
2090 7.157547
2091 1.938168
2092 5.495206
2093 4.140411
2094 6.477378
2095 10.011016
2096 3.997889
2097 2.859796
2098 14.312717
2099 7.594519
2100 2.744756
2101 4.427790
2102 1.654228
2103 3.116048
2104 2.945547
2105 3.262906
2106 5.057070
2107 1.571240
2108 3.008322
2109 1.514783
2110 1.671141
2111 14.558618
2112 6.450716
2113 3.808103
2114 2.697527
2115 4.616743
2116 2.799267
2117 2.860718
2118 2.997353
2119 4.455405
2120 6.298676
2121 5.876847
2122 5.657091
2123 2.885602
2124 5.324723
2125 1.852822
2126 8.813422
2127 2.816602
2128 8.244925
2129 5.282588
2130 6.857765
2131 4.455207
2132 6.062467
2133 5.823178
2134 3.040839
2135 4.064682
2136 3.328199
2137 2.850563
2138 3.020131
2139 6.010309
2140 5.225143
2141 7.776941
2142 4.467382
2143 6.610548
2144 3.120043
2145 4.972918
2146 1.635298
2147 3.238804
2148 5.103680
2149 5.418832
2150 5.221889
2151 2.454260
2152 1.281096
2153 5.329560
2154 7.024309
2155 3.868550
2156 3.976314
2157 7.750165
2158 7.419120
2159 5.154466
2160 2.645278
2161 3.556539
2162 5.612822
2163 4.000418
2164 2.344775
2165 3.255424
2166 2.889550
2167 2.157983
2168 4.770493
2169 2.066675
2170 11.779742
2171 2.723241
2172 1.321184
2173 9.544950
2174 4.203170
2175 1.663455
2176 2.718797
2177 8.127934
2178 2.535171
2179 2.432754
2180 3.596555
2181 10.087796
2182 7.032190
2183 2.841307
2184 3.452746
2185 6.301327
2186 10.934050
2187 2.635231
2188 2.548479
2189 2.129963
2190 2.600716
2191 3.443009
2192 3.877405
2193 3.590756
2194 4.177544
2195 5.997088
2196 5.253806
2197 8.792661
2198 1.369059
2199 5.542768
2200 5.041523
2201 3.694461
2202 4.871043
2203 3.647564
2204 2.405482
2205 3.730788
2206 7.095834
2207 4.897117
2208 4.863717
2209 5.196853
2210 4.827755
2211 2.921069
2212 6.662878
2213 6.574015
2214 2.050492
2215 2.532156
2216 8.197954
2217 8.080925
2218 4.388376
2219 3.881263
2220 7.664362
2221 2.697132
2222 4.451804
2223 3.567978
2224 6.084358
2225 4.741468
2226 2.343507
2227 6.185826
2228 2.873307
2229 3.732258
2230 1.894360
2231 3.807378
2232 2.649743
2233 3.026572
2234 4.836034
2235 5.403182
2236 3.829574
2237 8.266068
2238 5.011570
2239 3.064471
2240 6.237247
2241 2.784217
2242 5.564201
2243 1.984186
2244 3.021050
2245 7.551289
2246 7.141306
2247 1.762856
2248 4.127004
2249 3.407689
2250 2.203794
2251 3.161020
2252 2.755538
2253 3.441827
2254 6.812510
2255 3.728598
2256 6.596471
2257 6.797602
2258 2.336583
2259 4.337012
2260 2.975976
2261 3.337559
2262 3.077261
2263 6.445705
2264 4.623016
2265 11.352868
2266 2.454651
2267 6.707513
2268 7.326952
2269 11.980609
2270 8.190857
2271 4.423278
2272 2.943327
2273 3.311985
2274 6.043911
2275 2.379090
2276 4.753835
2277 5.909054
2278 7.757163
2279 39.641960
2280 4.603390
2281 7.920289
2282 7.095495
2283 11.378957
2284 7.859943
2285 5.446682
2286 10.180517
2287 3.280077
2288 3.609989
2289 11.044222
2290 19.148010
2291 4.317652
2292 8.791228
2293 7.311547
2294 3.779001
2295 5.322587
2296 3.798899
2297 11.582376
2298 2.998741
2299 12.107819
2300 6.451471
2301 6.742328
2302 3.256262
2303 8.001288
2304 2.667893
2305 8.387879
2306 2.885813
2307 7.932424
2308 6.641766
2309 5.965201
2310 3.454500
2311 5.796539
2312 3.556566
2313 3.068813
2314 5.482056
2315 2.976075
2316 2.145833
2317 3.003533
2318 9.345958
2319 7.259356
2320 3.970705
2321 3.854456
2322 6.919144
2323 9.457541
2324 9.332933
2325 5.337897
2326 4.925384
2327 5.029378
2328 4.784373
2329 3.107645
2330 5.383116
2331 2.162481
2332 4.071250
2333 1.912311
2334 4.907629
2335 5.452080
2336 11.874091
2337 5.631361
2338 3.593948
2339 2.673222
2340 8.251138
2341 5.371736
2342 5.678486
2343 8.014521
2344 3.391771
2345 5.201231
2346 2.690163
2347 4.070837
2348 10.939813
2349 5.852324
2350 2.937018
2351 2.799332
2352 4.465260
2353 3.061971
2354 4.956099
2355 4.378761
2356 4.925817
2357 4.424798
2358 1.796066
2359 4.626529
2360 2.363836
2361 3.845103
2362 2.310595
2363 4.113533
2364 4.927794
2365 2.185811
2366 2.360514
2367 6.503687
2368 2.194478
2369 3.323940
2370 8.141723
2371 3.855624
2372 2.648920
2373 5.339737
2374 1.075526
2375 2.065260
2376 2.354975
2377 1.327560
2378 5.265619
2379 5.316389
2380 3.311923
2381 2.231188
2382 1.390222
2383 1.072535
2384 5.802185
2385 4.362109
2386 4.665202
2387 3.023292
2388 3.812632
2389 3.401012
2390 4.618073
2391 2.330690
2392 3.225799
2393 12.995318
2394 2.968517
2395 3.943094
2396 4.318116
2397 3.149431
2398 3.536947
2399 1.990645
2400 4.239508
2401 2.012130
2402 2.622601
2403 1.982017
2404 3.548932
2405 2.101486
2406 6.047565
2407 2.286963
2408 3.351717
2409 2.727352
2410 2.370191
2411 2.073693
2412 3.069172
2413 4.401026
2414 2.121755
2415 6.223605
2416 3.684092
2417 2.535736
2418 4.869009
2419 3.012277
2420 5.231049
2421 4.885529
2422 2.843955
2423 13.074011
2424 1.753484
2425 2.462554
2426 1.549833
2427 4.954203
2428 2.541739
2429 2.042349
2430 3.336039
2431 1.721526
2432 2.490335
2433 1.709373
2434 6.466681
2435 3.109060
2436 2.338316
2437 4.126173
2438 2.824044
2439 6.136540
2440 5.562571
2441 8.008087
2442 2.490172
2443 7.854943
2444 3.117519
2445 4.826221
2446 2.461390
2447 3.352878
2448 5.463763
2449 4.074698
2450 1.461660
2451 3.063432
2452 1.781045
2453 1.380172
2454 1.854302
2455 2.153518
2456 2.479733
2457 3.699368
2458 1.546403
2459 4.637605
2460 1.211297
2461 3.767471
2462 7.763175
2463 10.604545
2464 4.567100
2465 1.917617
2466 2.263163
2467 2.964925
2468 4.485875
2469 3.350742
2470 2.071571
2471 1.566373
2472 3.931399
2473 4.663127
2474 3.794654
2475 1.807371
2476 5.164551
2477 2.042989
2478 2.727435
2479 4.310427
2480 4.782146
2481 3.859128
2482 5.915263
2483 2.216046
2484 3.811647
2485 3.584414
2486 1.654565
2487 2.852402
2488 1.593182
2489 2.653239
2490 1.178908
2491 1.594112
2492 2.169876
2493 1.127300
2494 5.593733
2495 4.644859
2496 1.274130
2497 3.157141
2498 5.335977
2499 2.486512
2500 3.298057
2501 1.326663
2502 1.609782
2503 1.495240
2504 5.020534
2505 2.895573
2506 4.042888
2507 3.927896
2508 3.734013
2509 2.140156
2510 8.742756
2511 4.565371
2512 3.279782
2513 3.059205
2514 2.845387
2515 2.703765
2516 7.117063
2517 6.489191
2518 3.337866
2519 6.675249
2520 2.038557
2521 4.201689
2522 7.777235
2523 1.798505
2524 1.577102
2525 1.178993
2526 2.306801
2527 3.019147
2528 3.197934
2529 1.678469
2530 1.761187
2531 4.662456
2532 2.869268
2533 1.891149
2534 1.180902
2535 3.309927
2536 2.566134
2537 3.667028
2538 5.243900
2539 4.292269
2540 4.216378
2541 2.572239
2542 6.145655
2543 4.531601
2544 1.443597
2545 1.717869
2546 1.789049
2547 1.596816
2548 1.486847
2549 8.376962
2550 4.131732
2551 2.713160
2552 2.486303
2553 3.055386
2554 1.987830
2555 1.795505
2556 1.917364
2557 6.425578
2558 2.141491
2559 1.510729
2560 3.374749
2561 3.838714
2562 4.222718
2563 1.980910
2564 3.837061
2565 6.311280
2566 5.116544
2567 1.642578
2568 1.606739
2569 8.677120
2570 3.323506
2571 2.738521
2572 3.187957
2573 1.587753
2574 5.083269
2575 12.594636
2576 1.784964
2577 1.650372
2578 1.858617
2579 3.624821
2580 3.461441
2581 2.371324
2582 1.065605
2583 5.915168
2584 4.237305
2585 2.414709
2586 2.166202
2587 4.654349
2588 1.570835
2589 2.140057
2590 5.697608
2591 2.655693
2592 1.892564
2593 2.174920
2594 2.790632
2595 2.553046
2596 1.907617
2597 1.047985
2598 6.373002
2599 2.689223
2600 2.184512
2601 5.753278
2602 4.911826
2603 3.282331
2604 3.437933
2605 6.631001
2606 4.148524
2607 1.695565
2608 9.711694
2609 2.375761
2610 3.296046
2611 5.708541
2612 1.599292
2613 5.365548
2614 2.561655
2615 5.352672
2616 2.468007
2617 3.099698
2618 1.593321
2619 1.373071
2620 2.820338
2621 2.937664
2622 3.207061
2623 1.546987
2624 4.004541
2625 7.146595
2626 1.073037
2627 1.104777
2628 4.356698
2629 4.948400
2630 3.202080
2631 4.257431
2632 2.457105
2633 6.807712
2634 3.741105
2635 1.821140
2636 1.313375
2637 3.884043
2638 2.437406
2639 4.976825
2640 4.995902
2641 1.299716
2642 3.549752
2643 1.579575
2644 6.181199
2645 5.591750
2646 3.061061
2647 1.327290
2648 1.652041
2649 2.853403
2650 3.667839
2651 2.958530
2652 1.529523
2653 2.591710
2654 7.240802
2655 6.228937
2656 3.040980
2657 2.994506
2658 8.017312
2659 2.870897
2660 2.354864
2661 2.108032
2662 4.652663
2663 6.003320
2664 6.658567
2665 1.608159
2666 1.682488
2667 1.703211
2668 4.467446
2669 4.852118
2670 4.358265
2671 2.791694
2672 1.828670
2673 3.364378
2674 4.261986
2675 3.172927
2676 5.426560
2677 3.175493
2678 2.329556
2679 1.332031
2680 5.961034
2681 1.681601
2682 0.984430
2683 4.075496
2684 3.480241
2685 4.041280
2686 3.282313
2687 2.330219
2688 4.175172
2689 5.620548
2690 4.112462
2691 1.457302
2692 2.187633
2693 4.292030
2694 2.486244
2695 4.962403
2696 1.911702
2697 9.838524
2698 3.744707
2699 7.394737
2700 6.105532
2701 7.098521
2702 3.657298
2703 2.135395
2704 4.753706
2705 1.477728
2706 4.515827
2707 2.643344
2708 1.025016
2709 9.458291
2710 5.271624
2711 4.620790
2712 1.736904
2713 6.004302
2714 1.857269
2715 5.649778
2716 1.604703
2717 2.486504
2718 15.755744
2719 3.634175
2720 1.113899
2721 4.417268
2722 8.599135
2723 6.086553
2724 2.876389
2725 6.437928
2726 1.738194
2727 4.378974
2728 9.274231
2729 2.545889
2730 2.179199
2731 2.249280
2732 1.607310
2733 3.213361
2734 3.178020
2735 2.089278
2736 3.725730
2737 4.400182
2738 8.479583
2739 5.356810
2740 1.403403
2741 3.066688
2742 7.665253
2743 2.111906
2744 2.291193
2745 6.213442
2746 3.212614
2747 2.226395
2748 2.244085
2749 3.652585
2750 1.404829
2751 3.567903
2752 5.240274
2753 2.148284
2754 3.782068
2755 1.817455
2756 1.240652
2757 5.674461
2758 1.623964
2759 1.452030
2760 3.187284
2761 4.750741
2762 6.387866
2763 1.812375
2764 2.570521
2765 3.443226
2766 1.938216
2767 1.080222
2768 4.524076
2769 6.324474
2770 2.035795
2771 2.915833
2772 3.639281
2773 3.402870
2774 2.132109
2775 6.455837
2776 1.790270
2777 2.489197
2778 2.799289
2779 4.268620
2780 3.675213
2781 1.267172
2782 2.485962
2783 2.146679
2784 2.719802
2785 2.219177
2786 2.024429
2787 1.564199
2788 6.092005
2789 1.978902
2790 1.680012
2791 5.378233
2792 5.260786
2793 4.220237
2794 10.584435
2795 2.810537
2796 4.093095
2797 2.249104
2798 2.008997
2799 3.689764
2800 1.429604
2801 3.762166
2802 1.547800
2803 3.332603
2804 2.049277
2805 3.646322
2806 1.270375
2807 2.025431
2808 5.652268
2809 1.675300
2810 1.395074
2811 7.081853
2812 3.755793
2813 3.997443
2814 2.757213
2815 3.433523
2816 1.700366
2817 2.942427
2818 3.274242
2819 2.763216
2820 2.509440
2821 2.560560
2822 8.553319
2823 9.267458
2824 4.036602
2825 3.060900
2826 2.327610
2827 2.443581
2828 3.996666
2829 2.535120
2830 3.896480
2831 4.904253
2832 6.669426
2833 5.173532
2834 3.343630
2835 3.732463
2836 2.222041
2837 6.025670
2838 3.975937
2839 3.401044
2840 5.251528
2841 3.341955
2842 2.320895
2843 7.653104
2844 1.262804
2845 5.201301
2846 1.583251
2847 1.481505
2848 3.569028
2849 2.454813
2850 1.835760
2851 5.519957
2852 2.297514
2853 5.379688
2854 2.396500
2855 4.207784
2856 9.463633
2857 4.481648
2858 1.525900
2859 3.185052
2860 4.675872
2861 7.387600
2862 6.571805
2863 5.982417
2864 2.598721
2865 5.019050
2866 3.644582
2867 5.919482
2868 4.322045
2869 4.159171
2870 2.589273
2871 4.307718
2872 3.728754
2873 5.633551
2874 3.550586
2875 3.605754
2876 3.805412
2877 5.588373
2878 2.051036
2879 3.288741
2880 5.279976
2881 3.126702
2882 3.428444
2883 5.135682
2884 2.135978
2885 8.250015
2886 2.135707
2887 1.496249
2888 2.471776
2889 4.231240
2890 3.096620
2891 2.004423
2892 2.146830
2893 3.126905
2894 3.414821
2895 1.175824
2896 1.214222
2897 3.821263
2898 1.481524
2899 5.194873
2900 2.374818
2901 6.261436
2902 2.666905
2903 3.891774
2904 3.923087
2905 9.038800
2906 2.865410
2907 4.357014
2908 3.849683
2909 5.106997
2910 2.590735
2911 1.533404
2912 2.026763
2913 2.272310
2914 3.089824
2915 2.105963
2916 4.729222
2917 5.533955
2918 2.458947
2919 1.786492
2920 2.410609
2921 2.492716
2922 2.479714
2923 2.529628
2924 3.648943
2925 1.375267
2926 2.007310
2927 4.571288
2928 3.728746
2929 9.196852
2930 2.799210
2931 1.142030
2932 4.015924
2933 2.930123
2934 4.440134
2935 2.320625
2936 5.607520
2937 1.610154
2938 7.886920
2939 6.131989
2940 6.016620
2941 3.185072
2942 4.367152
2943 1.629927
2944 4.554668
2945 1.679035
2946 2.955913
2947 3.099612
2948 2.916570
2949 4.636983
2950 3.650386
2951 2.345751
2952 2.399602
2953 1.298676
2954 2.456102
2955 2.628669
2956 1.552977
2957 3.161614
2958 2.598230
2959 3.076985
2960 2.603812
2961 2.726083
2962 2.220601
2963 4.040815
2964 2.561973
2965 1.210913
2966 2.756502
2967 2.240197
2968 7.210879
2969 10.219486
2970 5.644197
2971 2.708933
2972 3.143260
2973 3.097931
2974 5.842279
2975 4.419935
2976 4.134147
2977 5.762335
2978 5.785606
2979 4.421684
2980 3.486286
2981 4.004123
2982 6.241918
2983 3.257761
2984 6.063106
2985 7.660388
2986 6.705676
2987 7.322729
2988 3.145975
2989 2.862906
2990 5.849811
2991 5.443754
2992 3.554645
2993 4.269462
2994 2.609437
2995 10.575593
2996 2.878488
2997 4.271381
2998 1.900398
2999 4.397080
3000 2.778007
3001 4.219966
3002 6.378403
3003 6.911944
3004 3.338094
3005 6.241838
3006 4.041104
3007 1.967444
3008 6.585315
3009 8.913543
3010 5.663601
3011 3.571372
3012 2.483178
3013 2.880984
3014 8.018442
3015 3.388501
3016 2.522710
3017 3.099478
3018 1.849317
3019 2.920413
3020 1.939117
3021 2.684072
3022 1.914392
3023 5.871301
3024 3.729146
3025 1.908135
3026 6.725561
3027 6.611773
3028 2.414017
3029 16.962315
3030 2.589453
3031 1.886596
3032 2.386496
3033 7.221960
3034 4.917167
3035 2.936593
3036 2.997940
3037 10.051430
3038 6.021742
3039 9.227818
3040 4.155932
3041 2.381284
3042 6.994962
3043 4.978003
3044 7.992292
3045 2.327190
3046 6.549996
3047 3.537137
3048 4.632382
3049 2.556015
3050 3.704901
3051 2.543391
3052 13.984122
3053 4.889646
3054 7.325975
3055 3.032397
3056 2.911121
3057 4.698305
3058 5.749461
3059 6.657290
3060 3.007396
3061 3.858775
3062 4.656822
3063 2.887803
3064 5.044360
3065 2.286324
3066 4.314796
3067 3.424714
3068 1.344954
3069 3.733924
3070 13.146155
3071 2.729372
3072 3.973729
3073 3.658969
3074 2.426453
3075 5.888249
3076 2.243673
3077 5.528443
3078 2.432739
3079 4.734088
3080 4.871473
3081 11.086497
3082 3.416996
3083 2.237204
3084 16.890581
3085 7.203941
3086 6.315387
3087 4.318265
3088 10.045833
3089 2.374451
3090 7.451277
3091 3.370501
3092 8.695866
3093 2.760657
3094 2.546293
3095 2.398013
3096 3.732018
3097 3.734061
3098 4.465424
3099 6.104517
3100 2.049897
3101 3.977548
3102 3.714829
3103 3.093714
3104 1.801245
3105 5.209360
3106 2.283370
3107 4.509649
3108 6.865985
3109 4.034866
3110 5.287886
3111 3.287913
3112 2.747094
3113 7.265373
3114 4.564609
3115 3.512434
3116 1.627113
3117 1.901326
3118 1.781101
3119 2.001543
3120 2.852158
3121 1.558252
3122 3.632042
3123 6.928551
3124 1.787746
3125 3.713233
3126 2.161590
3127 2.209758
3128 4.889011
3129 3.466197
3130 6.581650
3131 3.323614
3132 1.734197
3133 4.329300
3134 1.555281
3135 4.178844
3136 1.259582
3137 3.078586
3138 3.699048
3139 3.175604
3140 2.548897
3141 2.662047
3142 2.190649
3143 1.886184
3144 4.819361
3145 4.494911
3146 7.876134
3147 2.953154
3148 1.826884
3149 8.027710
3150 3.151260
3151 1.694501
3152 1.110121
3153 4.730597
3154 6.124576
3155 1.592556
3156 8.534626
3157 2.142534
3158 1.703182
3159 2.345747
3160 2.965741
3161 8.261231
3162 3.121771
3163 1.547020
3164 2.223228
3165 1.605247
3166 1.784595
3167 2.651710
3168 1.798708
3169 2.632943
3170 6.891181
3171 1.312846
3172 1.311866
3173 2.825494
3174 3.646901
3175 1.542173
3176 1.136930
3177 2.464606
3178 1.612033
3179 1.199541
3180 8.919343
3181 2.767054
3182 2.215064
3183 2.269387
3184 0.976857
3185 3.937180
3186 2.864003
3187 3.790666
3188 1.717945
3189 1.303561
3190 2.190081
3191 1.210792
3192 6.304920
3193 4.187991
3194 4.776051
3195 4.958387
3196 5.013556
3197 3.151392
3198 3.534532
3199 3.894667
3200 2.288344
3201 2.369266
3202 3.197654
3203 2.622060
3204 2.159261
3205 3.722824
3206 1.404937
3207 2.083853
3208 2.033578
3209 4.957288
3210 2.546061
3211 8.996495
3212 3.871268
3213 1.499437
3214 4.402940
3215 0.929060
3216 2.128064
3217 1.828018
3218 3.465496
3219 3.238757
3220 2.011861
3221 2.670983
3222 5.841425
3223 4.273103
3224 5.812254
3225 1.792113
3226 4.563193
3227 2.991654
3228 1.697199
3229 3.128972
3230 1.876488
3231 1.769113
3232 5.349613
3233 1.960543
3234 2.613307
3235 8.023789
3236 5.080599
3237 4.228893
3238 3.278580
3239 2.660521
3240 3.171033
3241 2.552238
3242 6.728541
3243 2.449663
3244 1.647539
3245 2.528155
3246 2.948458
3247 5.821146
3248 2.996316
3249 4.581737
3250 2.148428
3251 2.420256
3252 3.331896
3253 2.761799
3254 3.886101
3255 3.940043
3256 5.173403
3257 2.700217
3258 4.190225
3259 2.830460
3260 4.160677
3261 7.118047
3262 3.929759
3263 3.691376
3264 3.707245
3265 1.711106
3266 2.797886
3267 3.444940
3268 7.364930
3269 1.589754
3270 3.948684
3271 4.013555
3272 1.884597
3273 7.631000
3274 1.432838
3275 1.515433
3276 2.605516
3277 1.658514
3278 1.745713
3279 4.490033
3280 3.119940
3281 1.634185
3282 1.510013
3283 3.235538
3284 7.097119
3285 2.468226
3286 3.505055
3287 1.791235
3288 8.941567
3289 1.443072
3290 1.114423
3291 3.009150
3292 3.523962
3293 1.918111
3294 4.196949
3295 2.149583
3296 2.799487
3297 1.930637
3298 1.206599
3299 1.923271
3300 4.931552
3301 1.423016
3302 3.272734
3303 3.121545
3304 1.389211
3305 8.824288
3306 1.214944
3307 2.339035
3308 7.018518
3309 1.405297
3310 1.751622
3311 3.353100
3312 2.129083
3313 1.992584
3314 3.200898
3315 1.212498
3316 4.662120
3317 2.104625
3318 0.971286
3319 1.779013
3320 1.618027
3321 4.576556
3322 3.046823
3323 1.367393
3324 2.473372
3325 3.617380
3326 1.366223
3327 3.427458
3328 1.804628
3329 2.295307
3330 2.380057
3331 1.740153
3332 6.174894
3333 2.269445
3334 1.114589
3335 8.732506
3336 1.392044
3337 2.230533
3338 3.078735
3339 1.089155
3340 4.943363
3341 1.873866
3342 1.784305
3343 1.390939
3344 2.859523
3345 1.437271
3346 3.779264
3347 2.269428
3348 2.029807
3349 2.777625
3350 1.860929
3351 2.331252
3352 1.562750
3353 2.745474
3354 2.050200
3355 2.883780
3356 5.831257
3357 2.873303
3358 4.659172
3359 1.065510
3360 1.886598
3361 4.426736
3362 1.609700
3363 2.399214
3364 4.102227
3365 1.214195
3366 1.883267
3367 4.572297
3368 2.033899
3369 2.204458
3370 2.045951
3371 1.669649
3372 6.959902
3373 0.886189
3374 1.212234
3375 5.274229
3376 7.111938
3377 1.256666
3378 1.462243
3379 1.066420
3380 4.323530
3381 4.703213
3382 1.176685
3383 3.646440
3384 1.187545
3385 8.108400
3386 2.427564
3387 1.188667
3388 2.024049
3389 4.309821
3390 7.138664
3391 1.643062
3392 1.033950
3393 1.677614
3394 2.468415
3395 2.202732
3396 6.004066
3397 2.415437
3398 3.073008
3399 2.887136
3400 3.108032
3401 2.832652
3402 1.377569
3403 2.118463
3404 7.355303
3405 1.494750
3406 3.719917
3407 8.667395
3408 4.702187
3409 1.363175
3410 1.450727
3411 2.977458
3412 1.071173
3413 1.056422
3414 3.007316
3415 1.027752
3416 4.297398
3417 1.464236
3418 1.913866
3419 2.020813
3420 3.253573
3421 1.442500
3422 1.793729
3423 4.206495
3424 4.464926
3425 3.358721
3426 1.689801
3427 2.044394
3428 4.974638
3429 3.355990
3430 4.620069
3431 3.022483
3432 1.412734
3433 2.885307
3434 3.957184
3435 1.703129
3436 1.614646
3437 1.383156
3438 1.557451
3439 1.033625
3440 2.774234
3441 1.375779
3442 2.464176
3443 1.168447
3444 2.159226
3445 2.829877
3446 1.963399
3447 2.391216
3448 4.111154
3449 1.165133
3450 2.500836
3451 4.820416
3452 2.828873
3453 2.003609
3454 2.883928
3455 3.645815
3456 7.548101
3457 1.165751
3458 1.464767
3459 2.807944
3460 3.614660
3461 5.403402
3462 3.317992
3463 3.445733
3464 5.015969
3465 1.765222
3466 1.905237
3467 3.592264
3468 2.717212
3469 1.210661
3470 4.645125
3471 1.887004
3472 1.780829
3473 2.577395
3474 5.055848
3475 1.821751
3476 5.344533
3477 2.061641
3478 2.272107
3479 3.240008
3480 2.308824
3481 2.457485
3482 5.079807
3483 3.803553
3484 6.150873
3485 2.368889
3486 1.230909
3487 1.268267
3488 1.948187
3489 2.266087
3490 1.672302
3491 1.410776
3492 3.784321
3493 2.099102
3494 2.444770
3495 3.208119
3496 2.981304
3497 2.120410
3498 2.559981
3499 1.336862
3500 2.196588
3501 7.368476
3502 2.791233
3503 4.126353
3504 1.666028
3505 6.542030
3506 1.759595
3507 8.511246
3508 5.746328
3509 8.795700
3510 5.831637
3511 2.769221
3512 8.804576
3513 2.080597
3514 4.486762
3515 4.795690
3516 5.538128
3517 1.510224
3518 1.086488
3519 2.339014
3520 12.631016
3521 8.077451
3522 1.905859
3523 6.067543
3524 4.992112
3525 2.868713
3526 7.449321
3527 4.151756
3528 5.144090
3529 7.790538
3530 5.212512
3531 5.615773
3532 7.044717
3533 1.917304
3534 3.153209
3535 5.119822
3536 3.346207
3537 5.686116
3538 3.246679
3539 5.037795
3540 6.887562
3541 2.803218
3542 5.126800
3543 5.580491
3544 4.111656
3545 3.539079
3546 1.345467
3547 4.220328
3548 2.065967
3549 3.489359
3550 2.794230
3551 3.318019
3552 3.857415
3553 1.529335
3554 2.563008
3555 2.638693
3556 3.418859
3557 5.475848
3558 4.798932
3559 2.098358
3560 7.405177
3561 2.147282
3562 5.873060
3563 2.694477
3564 2.483241
3565 7.095682
3566 3.725155
3567 3.406350
3568 12.688146
3569 1.860958
3570 4.794146
3571 4.027300
3572 6.468809
3573 3.252820
3574 6.450799
3575 3.479004
3576 5.905861
3577 2.860822
3578 3.903771
3579 4.416259
3580 2.286516
3581 4.171931
3582 2.888539
3583 3.113044
3584 3.473265
3585 4.392317
3586 3.354262
3587 5.625815
3588 5.242937
3589 2.956813
3590 3.405989
3591 3.792351
3592 4.584404
3593 3.271672
3594 3.061097
3595 5.809103
3596 4.693458
3597 7.017792
3598 7.116868
3599 5.859285
3600 6.093579
3601 1.956292
3602 3.209729
3603 4.482872
3604 1.463701
3605 1.383690
3606 2.341721
3607 11.834980
3608 3.136440
3609 2.670848
3610 2.549047
3611 1.773444
3612 6.916462
3613 4.168560
3614 2.823369
3615 4.316535
3616 3.036863
3617 3.715156
3618 5.153080
3619 8.665082
3620 3.958146
3621 2.044226
3622 1.768460
3623 1.692990
3624 2.798834
3625 2.756809
3626 8.478013
3627 6.180383
3628 2.031778
3629 3.731519
3630 2.201159
3631 1.560204
3632 6.131043
3633 5.464850
3634 8.871655
3635 2.032794
3636 4.500294
3637 4.894498
3638 4.999175
3639 4.427886
3640 4.074071
3641 2.832498
3642 5.767646
3643 1.396816
3644 7.368749
3645 7.609766
3646 2.474444
3647 3.801975
3648 3.456592
3649 4.320146
3650 2.565789
3651 10.461792
3652 1.285292
3653 2.420240
3654 8.228265
3655 3.988841
3656 5.121632
3657 1.743376
3658 11.035792
3659 1.606699
3660 5.578386
3661 9.640098
3662 2.312465
3663 2.872558
3664 3.437305
3665 2.994716
3666 1.439337
3667 4.275239
3668 1.656796
3669 2.091442
3670 1.164261
3671 3.737437
3672 3.014864
3673 2.180577
3674 1.093212
3675 6.485446
3676 2.395036
3677 4.410002
3678 2.407969
3679 5.338600
3680 2.051147
3681 2.573419
3682 1.330260
3683 2.998462
3684 4.116403
3685 4.892297
3686 4.166482
3687 4.174669
3688 0.992523
3689 10.077645
3690 2.766593
3691 5.249863
3692 1.316214
3693 4.927957
3694 3.550404
3695 2.244543
3696 2.438866
3697 2.645556
3698 2.774518
3699 3.835152
3700 2.952519
3701 3.855152
3702 0.861292
3703 1.880375
3704 2.651115
3705 4.149239
3706 1.455439
3707 2.679269
3708 1.911391
3709 4.684679
3710 2.526895
3711 3.295687
3712 6.784263
3713 1.253518
3714 1.584514
3715 2.102785
3716 2.846073
3717 7.083926
3718 2.838260
3719 1.916775
3720 4.056473
3721 2.758118
3722 4.240388
3723 1.308153
3724 1.084639
3725 2.835486
3726 2.335733
3727 2.137157
3728 1.029375
3729 1.330924
3730 2.604084
3731 1.800639
3732 1.585509
3733 2.174025
3734 1.235364
3735 6.241767
3736 1.586044
3737 3.952331
3738 1.654313
3739 2.100270
3740 1.737824
3741 3.131854
3742 1.220490
3743 2.684605
3744 3.598219
3745 1.920246
3746 2.128953
3747 2.011790
3748 4.674423
3749 1.451635
3750 2.826415
3751 2.091922
3752 3.118062
3753 5.727188
3754 1.441028
3755 3.609229
3756 1.338810
3757 1.522092
3758 6.506568
3759 4.139985
3760 1.041024
3761 1.324032
3762 1.558728
3763 7.515147
3764 1.526122
3765 5.687306
3766 1.164708
3767 4.286131
3768 1.972788
3769 4.309897
3770 2.286026
3771 2.176874
3772 1.296401
3773 2.088899
3774 8.018835
3775 1.573177
3776 2.030496
3777 1.433428
3778 3.948829
3779 1.752363
3780 1.893125
3781 1.640661
3782 5.100592
3783 4.267840
3784 1.073998
3785 1.364047
3786 3.598638
3787 1.447945
3788 1.980484
3789 2.476846
3790 1.402380
3791 5.064481
3792 4.249720
3793 1.101060
3794 4.862854
3795 2.775980
3796 5.191754
3797 1.288425
3798 6.203392
3799 1.064162
3800 2.216596
3801 3.963717
3802 3.343163
3803 10.302343
3804 2.408937
3805 2.252567
3806 3.548595
3807 4.407362
3808 4.545494
3809 3.970646
3810 3.801692
3811 1.020824
3812 6.361830
3813 11.155740
3814 4.141271
3815 1.672050
3816 8.820269
3817 2.821843
3818 1.879011
3819 1.118566
3820 1.010747
3821 2.971624
3822 2.096101
3823 2.334161
3824 2.150682
3825 1.239944
3826 3.168946
3827 1.569247
3828 1.660254
3829 2.260612
3830 3.121859
3831 2.338855
3832 3.848803
3833 3.302542
3834 7.313563
3835 3.608037
3836 1.783793
3837 5.127381
3838 4.483871
3839 1.533450
3840 2.161527
3841 1.862440
3842 4.477016
3843 1.736379
3844 4.941705
3845 2.278594
3846 3.138100
3847 1.069869
3848 2.062559
3849 1.037205
3850 1.380612
3851 2.842377
3852 1.555301
3853 1.055415
3854 1.173066
3855 4.857987
3856 1.429915
3857 1.813888
3858 5.429060
3859 1.024584
3860 0.998771
3861 4.306020
3862 1.787388
3863 2.802162
3864 2.241938
3865 2.246880
3866 2.347185
3867 4.907896
3868 4.632403
3869 4.309942
3870 2.999281
3871 1.016729
3872 1.945033
3873 4.430270
3874 3.040572
3875 4.781106
3876 5.742440
3877 3.003337
3878 4.251163
3879 6.703882
3880 3.512586
3881 2.326147
3882 1.166491
3883 5.006608
3884 1.650779
3885 2.264618
3886 1.667508
3887 3.073040
3888 2.819750
3889 3.691705
3890 1.023381
3891 2.878949
3892 2.945825
3893 5.626361
3894 1.412093
3895 1.551520
3896 1.379862
3897 1.626418
3898 2.983665
3899 1.189069
3900 6.588728
3901 2.827033
3902 2.472203
3903 3.781803
3904 2.537280
3905 3.216664
3906 3.962789
3907 4.788667
3908 2.018514
3909 1.572307
3910 1.392834
3911 4.279262
3912 2.183913
3913 3.156812
3914 7.179712
3915 1.802703
3916 3.733532
3917 8.001702
3918 5.761501
3919 8.328637
3920 1.713130
3921 4.193951
3922 2.889040
3923 2.589183
3924 4.565209
3925 1.043284
3926 2.402820
3927 3.645620
3928 1.874544
3929 0.728239
3930 2.162462
3931 5.716427
3932 3.196663
3933 1.765147
3934 1.513029
3935 3.142726
3936 2.513900
3937 1.435441
3938 1.067107
3939 8.633285
3940 1.899612
3941 5.926198
3942 9.246284
3943 2.208332
3944 1.392037
3945 1.723027
3946 3.350993
3947 2.564448
3948 3.305557
3949 2.658857
3950 2.234383
3951 1.804027
3952 2.097314
3953 1.229904
3954 1.827144
3955 2.767941
3956 3.571205
3957 4.941695
3958 1.885969
3959 6.233107
3960 1.053392
3961 1.874600
3962 2.122713
3963 6.542692
3964 4.313742
3965 2.773083
3966 1.908489
3967 3.744755
3968 0.983079
3969 1.135705
3970 2.256739
3971 2.781211
3972 1.992103
3973 2.977595
3974 6.284879
3975 2.763892
3976 3.792563
3977 1.680555
3978 2.605239
3979 1.999145
3980 1.397003
3981 4.705857
3982 1.748202
3983 3.774763
3984 3.861543
3985 1.965337
3986 5.762560
3987 4.153694
3988 1.275941
3989 2.089720
3990 3.158114
3991 3.858476
3992 3.398516
3993 4.775760
3994 2.911092
3995 3.301263
3996 1.868401
3997 8.150438
3998 1.474982
3999 2.299052
4000 3.263290
4001 1.250510
4002 2.270298
4003 1.946589
4004 3.363567
4005 1.691012
4006 4.447832
4007 1.963215
4008 1.548665
4009 1.688760
4010 3.012125
4011 1.628729
4012 6.615310
4013 17.079897
4014 1.583414
4015 1.768909
4016 1.499414
4017 1.800407
4018 8.222163
4019 3.335527
4020 3.037883
4021 4.125044
4022 1.600099
4023 1.431043
4024 1.975185
4025 2.738674
4026 7.962961
4027 2.072117
4028 2.161889
4029 3.751958
4030 2.034418
4031 4.892008
4032 1.547792
4033 0.985625
4034 1.067136
4035 1.642627
4036 1.638458
4037 1.943852
4038 1.603645
4039 4.045396
4040 3.692412
4041 1.831534
4042 1.427700
4043 1.642378
4044 6.964969
4045 1.263471
4046 4.548802
4047 2.079230
4048 2.359206
4049 2.503187
4050 2.263875
4051 2.170843
4052 1.228424
4053 1.119378
4054 2.551389
4055 3.996571
4056 3.161797
4057 1.459895
4058 9.298433
4059 6.238833
4060 1.367929
4061 2.131688
4062 1.922892
4063 1.709853
4064 1.971391
4065 1.437603
4066 2.654474
4067 1.350360
4068 0.981161
4069 7.041328
4070 2.615994
4071 2.104387
4072 0.913577
4073 1.648855
4074 1.494084
4075 1.300407
4076 2.204247
4077 1.585105
4078 2.399179
4079 8.095537
4080 1.657688
4081 2.685610
4082 2.115357
4083 1.465107
4084 3.070467
4085 4.064436
4086 7.974399
4087 1.192576
4088 1.453893
4089 3.727269
4090 1.904419
4091 2.285742
4092 1.661721
4093 4.647933
4094 1.729593
4095 2.803447
4096 4.499778
4097 3.919671
4098 2.961563
4099 2.614050
4100 1.540481
4101 4.881341
4102 2.236488
4103 0.982502
4104 2.551319
4105 3.324133
4106 1.047447
4107 1.229792
4108 6.167313
4109 1.090268
4110 5.109371
4111 1.110499
4112 2.274801
4113 5.291049
4114 3.244936
4115 1.185192
4116 2.652878
4117 3.076166
4118 3.119007
4119 1.948710
4120 5.337163
4121 2.184691
4122 3.804744
4123 1.787704
4124 2.108513
4125 3.860950
4126 3.022877
4127 1.536327
4128 0.957791
4129 2.006475
4130 1.304767
4131 1.440879
4132 1.294207
4133 4.330691
4134 1.502355
4135 3.435680
4136 2.678436
4137 2.317325
4138 6.900418
4139 4.710354
4140 2.436262
4141 1.229350
4142 1.235819
4143 0.749561
4144 2.254320
4145 1.613761
4146 9.687662
4147 2.506485
4148 1.767032
4149 1.557531
4150 1.117203
4151 2.191451
4152 2.177456
4153 5.637830
4154 6.024303
4155 6.486086
4156 1.818877
4157 1.951415
4158 2.122286
4159 2.922756
4160 1.092763
4161 1.136651
4162 1.612670
4163 3.714281
4164 4.408757
4165 2.567017
4166 1.695946
4167 2.051683
4168 1.224786
4169 1.080740
4170 3.508565
4171 4.724164
4172 1.639191
4173 0.887039
4174 0.977495
4175 3.497731
4176 1.086987
4177 2.900538
4178 2.116155
4179 2.648024
4180 2.116598
4181 3.387054
4182 1.902431
4183 7.362108
4184 3.836535
4185 2.803260
4186 2.199656
4187 3.394917
4188 1.541199
4189 2.711978
4190 2.475750
4191 1.151991
4192 1.745776
4193 3.919761
4194 3.594263
4195 5.592229
4196 3.381245
4197 1.534560
4198 2.257733
4199 7.975445
4200 1.067967
4201 0.797510
4202 1.661389
4203 1.714927
4204 1.073703
4205 1.573142
4206 2.316463
4207 8.769016
4208 1.952069
4209 1.128795
4210 9.666219
4211 2.655538
4212 2.401113
4213 8.886450
4214 8.312158
4215 0.691392
4216 2.442011
4217 2.188895
4218 3.082675
4219 2.432426
4220 2.084627
4221 2.653601
4222 0.827328
4223 1.648998
4224 1.729232
4225 1.335105
4226 6.544362
4227 1.487874
4228 1.454572
4229 3.525832
4230 5.335045
4231 3.757380
4232 2.703680
4233 2.288172
4234 2.206970
4235 3.384293
4236 2.767289
4237 1.328728
4238 1.325245
4239 1.353101
4240 3.787200
4241 3.892855
4242 2.611768
4243 1.182482
4244 3.494300
4245 2.242109
4246 5.728612
4247 3.413987
4248 1.406482
4249 2.848446
4250 1.751242
4251 1.528776
4252 4.033516
4253 1.486084
4254 1.452327
4255 1.420011
4256 0.912663
4257 3.238174
4258 1.588146
4259 6.251459
4260 2.694284
4261 2.519303
4262 2.821876
4263 2.387094
4264 4.451704
4265 5.326092
4266 4.138483
4267 0.929590
4268 1.544656
4269 1.411297
4270 1.060526
4271 1.002280
4272 1.167293
4273 0.956135
4274 1.107285
4275 1.749213
4276 0.903171
4277 2.059273
4278 6.612353
4279 1.778534
4280 1.444950
4281 3.363225
4282 0.909966
4283 2.063588
4284 1.735933
4285 7.367436
4286 2.242179
4287 1.609767
4288 1.678329
4289 1.941313
4290 1.180135
4291 1.120214
4292 3.401741
4293 2.610161
4294 2.206664
4295 5.021966
4296 6.490981
4297 7.079734
4298 4.136286
4299 1.662724
4300 1.134207
4301 1.573104
4302 3.294360
4303 1.804253
4304 3.879849
4305 4.157917
4306 3.778461
4307 1.480625
4308 1.446288
4309 2.640098
4310 2.067724
4311 2.423716
4312 1.815250
4313 1.863820
4314 3.236944
4315 1.303290
4316 0.834806
4317 1.852095
4318 3.591582
4319 2.130532
4320 2.352861
4321 1.466324
4322 0.938272
4323 2.728177
4324 1.333346
4325 2.421452
4326 1.864971
4327 1.387446
4328 2.701095
4329 1.274554
4330 4.139059
4331 11.292251
4332 2.446475
4333 1.205591
4334 1.542158
4335 2.479402
4336 3.254448
4337 3.032131
4338 1.847076
4339 3.160156
4340 2.970961
4341 2.848804
4342 4.215675
4343 1.858040
4344 1.887331
4345 4.428279
4346 2.143070
4347 2.495544
4348 1.318571
4349 2.471651
4350 1.381977
4351 2.137727
4352 1.086562
4353 4.812204
4354 1.693070
4355 3.519572
4356 1.188925
4357 4.813589
4358 0.924492
4359 1.474542
4360 0.970779
4361 5.606496
4362 4.822648
4363 1.541985
4364 10.589283
4365 1.111295
4366 1.293908
4367 1.026598
4368 0.844675
4369 1.870209
4370 7.282866
4371 1.444914
4372 1.948480
4373 3.964347
4374 4.918218
4375 6.009260
4376 2.114508
4377 1.759030
4378 6.722422
4379 1.266806
4380 2.668591
4381 5.900107
4382 2.761552
4383 2.724360
4384 9.279495
4385 1.424814
4386 2.357548
4387 1.025698
4388 2.192369
4389 5.165632
4390 3.128201
4391 1.721603
4392 1.436631
4393 2.654333
4394 1.890730
4395 3.271428
4396 4.754458
4397 3.068627
4398 1.168761
4399 2.328624
4400 4.091332
4401 2.223134
4402 3.603667
4403 2.104592
4404 1.942218
4405 2.882105
4406 3.005856
4407 1.731969
4408 1.166504
4409 1.905200
4410 1.769722
4411 2.248344
4412 4.939067
4413 1.611654
4414 1.003367
4415 1.363550
4416 7.119471
4417 3.027368
4418 1.161043
4419 7.320891
4420 3.957947
4421 1.637906
4422 5.177138
4423 2.995231
4424 1.327476
4425 2.902149
4426 1.566427
4427 2.651557
4428 1.259868
4429 1.693579
4430 5.316161
4431 1.088315
4432 0.989313
4433 0.808377
4434 1.884887
4435 2.803289
4436 1.323006
4437 0.935477
4438 1.201335
4439 0.853355
4440 2.724406
4441 2.269893
4442 5.148811
4443 1.679771
4444 5.407659
4445 1.558028
4446 1.458010
4447 1.562353
4448 1.791880
4449 1.738823
4450 1.650032
4451 3.474806
4452 4.210709
4453 1.385039
4454 1.565097
4455 4.194088
4456 1.492372
4457 1.437288
4458 6.472695
4459 2.983381
4460 2.150273
4461 2.271687
4462 1.736145
4463 2.932215
4464 1.263887
4465 5.196564
4466 1.642061
4467 0.997295
4468 1.206249
4469 1.671497
4470 0.880476
4471 2.117486
4472 4.276339
4473 2.289505
4474 1.580301
4475 3.621813
4476 4.822900
4477 2.110097
4478 3.560554
4479 1.238592
4480 3.258762
4481 2.150687
4482 6.082523
4483 2.305250
4484 6.889615
4485 1.432222
4486 4.206005
4487 1.410083
4488 1.909785
4489 1.522159
4490 2.817857
4491 4.597478
4492 3.266051
4493 6.499874
4494 2.477363
4495 1.545345
4496 0.754748
4497 2.278270
4498 1.113148
4499 1.198091
4500 1.225363
4501 1.943772
4502 10.378734
4503 1.525147
4504 3.085100
4505 2.980384
4506 1.128425
4507 6.689617
4508 4.785444
4509 0.986716
4510 1.066372
4511 2.825271
4512 3.521873
4513 1.970657
4514 0.865196
4515 1.522202
4516 2.231341
4517 2.417077
4518 2.374007
4519 1.304858
4520 8.941188
4521 2.661291
4522 0.971865
4523 1.704901
4524 2.179256
4525 2.957601
4526 2.174783
4527 0.813512
4528 1.006882
4529 6.503168
4530 3.026042
4531 3.592621
4532 1.971354
4533 1.074231
4534 3.095600
4535 1.536954
4536 1.444415
4537 1.006610
4538 2.790923
4539 1.513597
4540 5.808198
4541 2.573123
4542 4.397335
4543 2.056293
4544 3.686674
4545 6.719511
4546 3.273799
4547 2.014112
4548 1.618471
4549 6.338058
4550 1.150383
4551 1.546774
4552 2.272228
4553 4.981068
4554 1.045415
4555 1.725829
4556 3.103374
4557 1.287955
4558 7.242165
4559 1.181495
4560 3.168774
4561 9.043838
4562 1.809910
4563 3.336808
4564 2.491677
4565 1.394149
4566 1.253187
4567 0.827970
4568 1.064150
4569 2.240842
4570 1.066537
4571 0.988599
4572 2.837675
4573 7.182585
4574 1.570252
4575 1.265269
4576 1.304855
4577 2.912688
4578 1.505621
4579 0.926174
4580 4.699226
4581 2.859923
4582 2.424514
4583 2.648811
4584 2.813628
4585 7.630333
4586 0.901405
4587 1.328764
4588 2.784993
4589 1.258352
4590 1.736363
4591 2.324717
4592 3.541402
4593 1.053387
4594 1.516970
4595 4.132318
4596 2.325004
4597 2.396637
4598 2.716072
4599 0.798090
4600 2.623524
4601 2.814183
4602 0.894871
4603 1.128802
4604 4.674461
4605 2.336430
4606 3.354429
4607 1.297336
4608 0.877012
4609 0.778556
4610 2.569593
4611 1.722752
4612 2.642954
4613 1.458434
4614 0.815673
4615 2.752742
4616 3.750317
4617 1.806319
4618 3.730219
4619 1.131360
4620 5.817000
4621 2.039420
4622 3.254870
4623 3.828336
4624 7.298345
4625 2.165314
4626 3.863891
4627 1.583529
4628 1.022721
4629 2.049477
4630 1.485895
4631 1.708061
4632 1.482980
4633 3.796764
4634 1.426924
4635 4.945768
4636 1.507836
4637 1.824183
4638 0.945164
4639 2.422685
4640 5.436595
4641 1.375154
4642 1.051701
4643 1.425863
4644 3.244872
4645 2.004658
4646 7.647593
4647 1.287097
4648 1.565768
4649 6.414704
4650 6.134234
4651 3.078284
4652 1.128633
4653 1.023501
4654 5.261501
4655 3.427246
4656 1.724698
4657 2.123233
4658 7.015000
4659 4.376005
4660 1.395153
4661 2.160468
4662 0.783154
4663 0.883445
4664 1.756867
4665 1.049580
4666 1.454247
4667 1.970939
4668 0.888888
4669 2.393136
4670 1.308997
4671 3.498488
4672 10.307859
4673 3.615075
4674 2.345651
4675 2.891754
4676 4.438168
4677 1.675850
4678 4.874690
4679 0.877568
4680 3.467303
4681 5.107807
4682 1.947138
4683 1.826446
4684 4.412129
4685 6.080584
4686 3.433927
4687 2.355376
4688 2.965288
4689 1.193100
4690 1.892306
4691 2.235147
4692 1.022936
4693 1.399056
4694 2.278533
4695 1.212633
4696 1.517131
4697 3.144336
4698 2.846979
4699 1.739665
4700 5.361054
4701 4.560238
4702 2.250242
4703 1.848988
4704 1.484485
4705 0.768736
4706 4.155663
4707 4.714839
4708 2.874122
4709 3.151995
4710 10.529936
4711 2.666987
4712 6.184319
4713 1.864420
4714 1.370694
4715 1.319960
4716 1.826850
4717 1.762070
4718 6.284461
4719 1.626696
4720 2.032942
4721 2.964737
4722 3.782244
4723 1.064248
4724 1.966791
4725 1.088851
4726 1.787208
4727 2.229532
4728 1.873693
4729 1.583645
4730 5.417585
4731 4.809604
4732 2.651720
4733 2.065883
4734 1.937668
4735 3.568653
4736 1.586369
4737 3.681621
4738 1.762005
4739 5.011535
4740 3.257884
4741 1.334509
4742 2.279682
4743 2.602765
4744 1.691443
4745 1.053641
4746 1.706402
4747 1.158387
4748 3.950417
4749 3.906913
4750 2.088783
4751 8.509551
4752 1.141622
4753 2.394688
4754 1.416134
4755 4.515845
4756 3.225469
4757 2.531316
4758 2.546514
4759 4.101938
4760 2.533360
4761 2.528605
4762 5.147737
4763 2.347728
4764 1.721431
4765 1.117858
4766 3.511682
4767 1.506429
4768 2.909939
4769 3.026049
4770 1.479448
4771 3.376150
4772 3.541260
4773 1.185906
4774 2.125504
4775 1.589308
4776 2.158213
4777 7.390421
4778 1.995670
4779 2.232238
4780 2.736783
4781 3.407062
4782 0.996310
4783 5.305341
4784 1.760305
4785 3.015311
4786 4.466430
4787 1.627413
4788 3.912879
4789 1.542260
4790 1.376289
4791 0.832856
4792 4.310799
4793 1.005367
4794 3.125443
4795 1.604769
4796 2.200008
4797 2.130218
4798 2.379095
4799 1.872638
4800 5.172141
4801 2.762761
4802 1.411396
4803 2.613569
4804 3.133408
4805 7.189112
4806 10.306157
4807 2.017795
4808 1.302210
4809 2.835942
4810 2.267920
4811 1.820066
4812 2.110106
4813 4.936677
4814 2.688403
4815 2.970152
4816 7.494058
4817 2.498415
4818 5.199153
4819 2.890701
4820 5.757041
4821 1.794111
4822 2.249722
4823 3.086919
4824 5.053833
4825 1.069238
4826 3.156707
4827 3.337321
4828 1.875302
4829 1.330215
4830 1.730756
4831 7.938161
4832 2.944679
4833 3.796699
4834 1.560973
4835 2.930461
4836 2.116061
4837 0.943095
4838 4.900616
4839 2.664575
4840 4.593036
4841 1.005423
4842 1.566081
4843 8.135678
4844 4.062823
4845 2.849092
4846 7.617251
4847 1.413332
4848 4.045575
4849 2.887150
4850 2.097616
4851 1.411567
4852 1.123431
4853 2.532980
4854 4.530104
4855 4.532918
4856 2.718989
4857 1.915329
4858 2.554643
4859 8.294245
4860 1.524916
4861 3.476636
4862 2.117732
4863 4.927145
4864 5.826262
4865 7.568079
4866 2.865229
4867 3.606212
4868 3.445299
4869 4.635365
4870 1.917124
4871 1.678011
4872 3.079465
4873 3.636259
4874 2.940373
4875 6.368864
4876 5.294973
4877 3.296585
4878 2.942944
4879 2.923500
4880 2.831986
4881 3.394433
4882 2.156599
4883 2.067573
4884 6.812021
4885 1.826346
4886 4.508095
4887 2.675344
4888 2.688424
4889 2.635702
4890 3.157956
4891 2.812297
4892 2.661248
4893 2.334069
4894 1.941261
4895 2.656888
4896 1.782153
4897 1.944318
4898 2.708583
4899 1.211055
4900 1.829911
4901 4.168982
4902 4.280477
4903 1.705981
4904 2.212754
4905 1.407630
4906 1.323672
4907 7.308153
4908 4.067549
4909 0.948372
4910 2.259588
4911 2.167325
4912 4.079476
4913 5.949158
4914 1.889571
4915 6.480905
4916 3.349239
4917 7.155683
4918 1.492002
4919 1.568698
4920 4.855839
4921 0.983977
4922 2.332560
4923 6.819846
4924 2.244642
4925 5.776736
4926 2.894046
4927 4.855429
4928 2.469437
4929 2.401571
4930 7.149988
4931 1.422486
4932 5.247622
4933 5.612452
4934 1.737950
4935 3.344079
4936 3.151858
4937 2.665790
4938 3.051300
4939 2.116471
4940 1.936964
4941 2.728006
4942 2.799072
4943 1.686158
4944 2.989367
4945 2.675186
4946 5.909176
4947 1.094411
4948 3.378478
4949 5.010954
4950 1.652927
4951 1.350986
4952 2.047041
4953 1.959507
4954 3.106932
4955 2.147477
4956 3.079442
4957 1.403334
4958 2.361909
4959 2.147704
4960 4.740741
4961 1.693130
4962 1.677808
4963 2.817711
4964 2.409100
4965 4.823246
4966 1.215554
4967 2.498820
4968 1.370070
4969 2.081445
4970 1.018955
4971 3.242019
4972 5.400029
4973 0.893083
4974 3.070607
4975 6.320212
4976 3.403854
4977 2.523756
4978 5.932296
4979 2.634697
4980 1.647802
4981 2.859884
4982 4.646469
4983 1.333630
4984 3.804094
4985 2.652068
4986 2.672348
4987 6.491160
4988 4.935784
4989 5.112169
4990 1.202087
4991 6.651633
4992 3.785846
4993 12.259871
4994 2.970303
4995 8.669294
4996 4.990003
4997 3.418285
4998 6.153009
4999 4.564382
5000 3.635608
5001 3.046352
5002 2.073072
5003 3.281798
5004 2.604764
5005 6.711779
5006 3.546531
5007 1.770705
5008 3.883821
5009 2.284770
5010 2.031563
5011 2.288506
5012 0.914272
5013 4.549406
5014 2.100462
5015 6.422137
5016 1.513789
5017 6.238204
5018 1.238000
5019 4.293563
5020 3.507320
5021 1.128359
5022 1.909759
5023 2.622903
5024 1.921723
5025 1.521865
5026 5.994257
5027 1.001789
5028 1.540997
5029 1.363795
5030 3.685037
5031 4.946082
5032 4.439795
5033 2.987359
5034 1.417730
5035 1.063784
5036 2.341287
5037 2.716480
5038 1.211566
5039 8.108631
5040 3.672973
5041 1.701776
5042 2.556980
5043 8.982965
5044 5.985256
5045 1.326412
5046 4.083538
5047 2.658984
5048 2.392301
5049 3.359911
5050 7.105031
5051 3.350439
5052 2.672307
5053 4.531723
5054 4.808142
5055 1.152119
5056 2.845573
5057 3.911266
5058 4.827340
5059 3.833079
5060 1.019471
5061 1.877276
5062 4.389000
5063 4.258402
5064 1.838050
5065 3.364362
5066 3.314929
5067 1.389673
5068 3.640679
5069 2.578987
5070 1.835925
5071 1.703499
5072 2.526878
5073 9.066395
5074 5.946403
5075 2.990107
5076 3.597769
5077 0.791055
5078 5.577407
5079 1.236361
5080 2.297928
5081 5.886863
5082 3.324617
5083 3.759554
5084 2.834357
5085 9.215022
5086 13.314241
5087 3.098281
5088 1.240516
5089 5.204882
5090 6.423661
5091 2.607419
5092 8.723349
5093 1.657560
5094 4.506577
5095 3.806824
5096 5.691708
5097 6.997411
5098 5.611943
5099 8.531813
5100 3.540957
5101 2.991391
5102 4.681294
5103 10.379712
5104 2.367437
5105 3.841213
5106 5.019843
5107 4.010664
5108 7.907007
5109 5.096619
5110 6.798504
5111 3.323190
5112 7.032358
5113 4.846116
5114 1.511443
5115 4.452878
5116 10.335279
5117 2.977070
5118 6.332057
5119 5.419491
5120 2.818171
5121 2.997453
5122 3.501832
5123 8.207162
5124 3.619963
5125 1.157721
5126 1.422632
5127 4.371353
5128 1.368036
5129 2.163752
5130 11.274693
5131 2.203586
5132 1.061098
5133 2.621715
5134 3.552355
5135 3.951673
5136 2.866478
5137 5.263875
5138 7.705155
5139 0.866834
5140 11.903414
5141 6.651684
5142 8.805874
5143 2.522442
5144 2.230107
5145 5.670733
5146 2.730841
5147 2.523586
5148 1.988376
5149 4.355855
5150 0.875922
5151 3.608241
5152 2.768889
5153 2.329126
5154 1.698500
5155 1.893164
5156 1.246958
5157 1.825994
5158 1.509334
5159 6.205102
5160 2.212672
5161 1.685479
5162 1.541396
5163 3.336359
5164 1.762711
5165 3.057144
5166 3.240468
5167 2.696128
5168 1.681745
5169 2.205029
5170 8.198669
5171 2.693336
5172 4.125666
5173 4.731951
5174 1.925959
5175 3.055992
5176 3.695418
5177 1.232169
5178 2.772824
5179 1.542113
5180 1.599650
5181 1.750283
5182 1.310097
5183 2.035980
5184 2.410293
5185 9.038500
5186 4.037582
5187 1.357892
5188 2.782018
5189 1.724455
5190 2.546130
5191 1.664166
5192 1.072400
5193 12.645120
5194 3.480248
5195 1.465977
5196 6.990294
5197 4.058956
5198 1.652946
5199 1.717985
5200 2.642521
5201 3.308122
5202 2.711393
5203 2.677954
5204 2.094496
5205 1.618256
5206 1.282263
5207 4.613303
5208 3.219967
5209 1.021766
5210 3.176603
5211 1.089961
5212 1.268614
5213 2.805937
5214 2.165483
5215 2.408241
5216 2.506105
5217 1.885618
5218 2.241202
5219 2.144679
5220 1.980792
5221 1.979222
5222 1.669552
5223 4.128952
5224 0.846788
5225 3.669806
5226 1.694926
5227 3.858918
5228 3.477465
5229 3.263611
5230 4.422180
5231 2.414834
5232 0.984979
5233 2.282963
5234 1.303160
5235 1.519640
5236 3.135848
5237 2.742643
5238 3.072475
5239 2.956256
5240 2.038391
5241 2.635966
5242 1.015989
5243 5.611273
5244 1.605186
5245 4.625711
5246 5.544683
5247 1.903107
5248 2.308079
5249 2.523372
5250 1.881585
5251 2.340931
5252 4.853270
5253 1.554231
5254 3.399583
5255 2.891833
5256 1.981703
5257 4.149436
5258 7.316697
5259 2.139709
5260 4.538676
5261 2.601177
5262 1.483728
5263 3.841684
5264 1.714072
5265 1.586314
5266 2.481296
5267 4.880795
5268 3.010890
5269 1.971626
5270 1.202343
5271 2.369619
5272 3.600904
5273 1.283974
5274 7.867299
5275 5.349164
5276 2.937196
5277 1.903159
5278 11.608106
5279 2.874628
5280 5.894612
5281 3.729643
5282 3.938159
5283 3.266494
5284 2.807656
5285 8.373009
5286 4.192228
5287 1.730892
5288 1.893719
5289 3.407157
5290 5.466571
5291 2.223395
5292 1.678708
5293 2.439121
5294 2.160876
5295 1.941923
5296 2.629136
5297 7.452158
5298 0.837934
5299 1.901882
5300 5.929186
5301 3.967732
5302 5.033305
5303 4.098299
5304 2.064046
5305 5.148588
5306 1.100770
5307 1.936486
5308 1.657112
5309 2.418009
5310 4.486234
5311 5.600940
5312 4.043596
5313 6.825871
5314 1.227861
5315 7.083486
5316 1.788177
5317 3.087671
5318 5.975820
5319 1.081702
5320 3.492748
5321 4.282889
5322 8.703802
5323 3.329991
5324 3.208391
5325 2.742224
5326 1.877545
5327 2.277014
5328 3.339521
5329 4.138499
5330 2.381080
5331 1.570706
5332 2.990268
5333 4.013722
5334 4.154956
5335 6.958575
5336 1.138726
5337 1.974599
5338 4.140956
5339 1.246388
5340 2.501137
5341 2.213649
5342 1.648533
5343 2.412684
5344 8.083427
5345 4.317903
5346 4.614150
5347 4.747652
5348 2.796956
5349 2.918816
5350 4.510901
5351 2.543417
5352 2.858735
5353 0.961425
5354 1.343674
5355 1.494703
5356 1.900555
5357 2.645108
5358 6.752298
5359 1.622451
5360 2.446688
5361 2.094107
5362 2.459648
5363 1.263851
5364 2.474192
5365 2.091494
5366 1.405713
5367 1.254462
5368 3.626880
5369 2.461742
5370 2.649396
5371 1.849421
5372 1.592322
5373 12.028331
5374 1.928612
5375 4.060698
5376 1.029359
5377 3.522731
5378 4.797415
5379 1.876935
5380 3.407289
5381 2.968107
5382 2.268212
5383 14.148099
5384 3.845729
5385 6.422920
5386 2.518756
5387 2.702308
5388 5.901801
5389 4.540184
5390 8.747046
5391 5.811770
5392 4.599226
5393 4.499754
5394 1.822367
5395 2.779392
5396 1.453195
5397 2.293052
5398 3.712016
5399 1.181343
5400 1.261169
5401 1.388090
5402 3.171653
5403 4.373129
5404 4.669015
5405 2.426779
5406 4.828335
5407 2.175098
5408 6.637319
5409 1.614817
5410 0.699791
5411 1.013938
5412 3.941597
5413 2.659727
5414 1.097443
5415 2.627203
5416 1.187888
5417 5.238539
5418 1.754577
5419 5.289892
5420 5.942334
5421 3.371221
5422 2.489227
5423 1.234613
5424 1.832797
5425 2.233039
5426 4.347122
5427 2.325880
5428 5.231864
5429 1.857547
5430 3.466714
5431 1.969228
5432 3.746278
5433 2.931918
5434 4.914962
5435 2.387555
5436 2.591794
5437 1.710639
5438 3.547924
5439 2.333112
5440 4.541270
5441 2.602558
5442 3.282761
5443 2.756089
5444 1.374428
5445 6.351807
5446 2.130632
5447 2.634629
5448 2.483638
5449 1.305152
5450 1.445588
5451 3.014693
5452 3.680633
5453 4.167700
5454 3.279807
5455 3.728608
5456 0.950794
5457 2.139333
5458 1.509481
5459 9.750165
5460 2.424639
5461 1.268428
5462 0.903438
5463 10.202022
5464 8.924648
5465 4.466465
5466 1.026266
5467 3.474611
5468 1.418291
5469 2.390982
5470 4.927054
5471 1.641009
5472 1.920954
5473 1.225586
5474 4.333592
5475 1.197747
5476 5.931721
5477 2.968920
5478 5.360546
5479 1.520161
5480 0.802102
5481 2.779368
5482 5.981735
5483 3.602703
5484 3.292800
5485 7.094512
5486 1.160563
5487 5.277665
5488 3.801371
5489 2.069451
5490 0.916225
5491 0.919253
5492 2.681988
5493 1.346628
5494 1.243597
5495 0.910666
5496 1.996695
5497 2.501531
5498 1.693790
5499 2.514675
5500 3.880865
5501 3.040048
5502 3.681661
5503 2.243553
5504 2.189732
5505 2.182137
5506 1.752837
5507 0.903354
5508 1.983362
5509 1.844356
5510 0.813061
5511 2.094623
5512 3.681901
5513 1.977368
5514 2.498819
5515 2.856947
5516 1.030119
5517 1.382218
5518 3.522634
5519 4.538263
5520 2.031655
5521 2.134183
5522 2.985585
5523 1.271948
5524 3.574097
5525 4.781917
5526 3.959670
5527 6.001402
5528 6.613208
5529 4.540138
5530 3.237900
5531 5.839798
5532 2.648975
5533 2.529032
5534 27.572523
5535 2.569146
5536 10.166416
5537 5.093054
5538 3.443179
5539 4.685313
5540 4.402214
5541 2.202682
5542 13.799685
5543 3.677155
5544 6.911047
5545 1.352496
5546 2.342372
5547 6.987086
5548 3.917850
5549 4.684091
5550 9.552258
5551 4.070376
5552 6.264102
5553 6.576516
5554 3.228973
5555 6.343846
5556 13.573069
5557 2.524651
5558 2.181236
5559 2.960793
5560 4.341928
5561 2.757029
5562 4.741279
5563 2.013687
5564 2.355295
5565 5.827905
5566 4.572361
5567 5.978981
5568 3.443941
5569 3.547133
5570 2.470561
5571 1.991734
5572 2.840753
5573 3.455131
5574 1.269117
5575 7.571613
5576 2.189376
5577 4.512800
5578 15.443795
5579 1.242434
5580 1.912881
5581 4.401468
5582 1.781667
5583 4.829886
5584 5.112734
5585 3.895535
5586 1.288298
5587 1.131305
5588 3.647232
5589 6.959773
5590 6.901479
5591 2.580526
5592 1.649758
5593 1.921492
5594 1.893350
5595 6.842702
5596 4.474096
5597 2.074883
5598 3.488281
5599 1.515299
5600 2.403512
5601 0.802169
5602 0.769949
5603 1.471800
5604 1.149957
5605 5.588781
5606 4.840302
5607 8.309410
5608 2.056811
5609 3.179822
5610 2.009509
5611 2.342799
5612 2.424542
5613 0.987902
5614 3.154934
5615 6.221739
5616 4.044870
5617 1.998833
5618 2.342119
5619 0.755959
5620 1.275844
5621 0.941216
5622 2.432207
5623 4.230038
5624 1.511980
5625 2.298725
5626 1.342277
5627 1.475182
5628 1.686443
5629 2.222005
5630 1.682624
5631 5.198415
5632 2.316920
5633 0.909232
5634 2.616491
5635 1.123125
5636 3.936458
5637 1.033684
5638 1.154573
5639 4.134841
5640 2.691900
5641 2.639941
5642 1.293357
5643 2.688574
5644 4.722289
5645 3.038421
5646 2.055497
5647 6.205736
5648 3.328900
5649 1.135778
5650 1.750075
5651 3.697577
5652 2.654617
5653 1.166874
5654 5.736520
5655 0.838864
5656 3.755311
5657 1.437458
5658 1.365571
5659 1.513893
5660 2.122724
5661 2.498148
5662 1.815650
5663 1.830819
5664 3.416794
5665 1.383457
5666 1.145603
5667 2.574279
5668 2.174451
5669 2.019258
5670 1.413007
5671 5.415793
5672 5.408297
5673 0.877462
5674 2.986599
5675 2.358545
5676 2.630682
5677 2.264412
5678 1.559216
5679 1.890355
5680 1.545464
5681 1.109697
5682 1.665692
5683 2.845141
5684 9.263317
5685 2.516271
5686 3.815964
5687 3.977362
5688 1.594663
5689 2.752608
5690 1.485175
5691 3.562700
5692 7.569846
5693 7.381133
5694 4.883877
5695 2.084711
5696 4.775333
5697 5.265424
5698 1.415728
5699 1.540595
5700 3.528483
5701 2.219426
5702 11.571338
5703 2.093866
5704 4.281006
5705 3.209568
5706 5.352681
5707 10.161773
5708 3.694147
5709 1.916483
5710 1.911383
5711 1.885777
5712 3.372783
5713 1.295493
5714 3.951716
5715 0.911491
5716 3.197353
5717 4.529953
5718 1.596558
5719 1.282432
5720 1.307365
5721 3.646276
5722 4.217750
5723 1.953743
5724 3.697636
5725 7.762846
5726 4.093891
5727 1.694454
5728 1.890679
5729 1.477240
5730 3.596899
5731 1.521913
5732 5.353361
5733 2.086195
5734 3.349340
5735 0.971128
5736 2.192590
5737 5.219054
5738 3.890393
5739 4.970829
5740 1.257415
5741 2.178206
5742 4.972763
5743 2.571508
5744 5.108135
5745 3.786433
5746 2.008020
5747 2.991756
5748 3.662705
5749 3.607058
5750 3.203177
5751 7.531721
5752 2.795215
5753 3.422007
5754 1.962298
5755 2.867521
5756 2.257700
5757 1.309669
5758 4.351678
5759 0.956190
5760 2.325631
5761 3.414680
5762 2.043837
5763 5.716939
5764 5.713908
5765 2.333613
5766 1.614887
5767 2.454775
5768 3.564369
5769 7.429085
5770 3.590848
5771 1.619464
5772 1.478531
5773 2.540905
5774 1.180877
5775 1.545773
5776 2.723387
5777 1.447767
5778 2.242608
5779 4.845417
5780 1.482245
5781 2.656642
5782 3.562304
5783 1.842517
5784 1.081553
5785 2.068361
5786 0.740367
5787 0.810149
5788 3.060474
5789 2.281770
5790 0.999252
5791 1.413701
5792 2.154160
5793 9.756378
5794 2.068903
5795 3.872129
5796 1.251455
5797 2.651094
5798 1.297627
5799 1.379784
5800 2.299910
5801 2.906549
5802 0.906803
5803 2.365768
5804 1.810951
5805 8.759133
5806 1.112622
5807 1.885057
5808 1.829438
5809 1.274721
5810 0.817362
5811 0.927383
5812 3.218800
5813 2.122502
5814 2.513227
5815 1.126731
5816 1.348700
5817 2.875254
5818 4.172091
5819 2.129487
5820 2.097041
5821 4.626959
5822 1.854452
5823 1.526463
5824 1.676689
5825 2.133028
5826 2.641055
5827 3.046118
5828 1.779550
5829 2.413263
5830 2.766210
5831 0.684976
5832 4.069353
5833 1.616064
5834 4.438447
5835 3.572010
5836 1.783617
5837 2.934249
5838 1.945935
5839 0.930965
5840 3.994820
5841 16.860447
5842 12.715503
5843 1.435832
5844 1.484958
5845 1.408971
5846 4.509939
5847 2.479131
5848 1.841218
5849 3.946477
5850 4.490183
5851 3.861262
5852 1.444978
5853 14.835407
5854 5.237461
5855 5.285494
5856 1.655577
5857 5.830691
5858 3.434031
5859 1.654304
5860 2.376754
5861 2.617324
5862 4.295386
5863 1.125618
5864 3.688898
5865 1.602990
5866 8.000043
5867 4.298483
5868 3.812708
5869 2.222581
5870 1.492021
5871 5.804894
5872 3.062298
5873 2.368774
5874 1.896435
5875 2.647881
5876 5.698924
5877 1.550191
5878 2.224942
5879 2.507904
5880 1.574774
5881 1.721409
5882 1.286569
5883 3.232419
5884 2.065885
5885 1.220095
5886 2.687204
5887 1.366592
5888 2.085471
5889 3.344054
5890 4.716848
5891 2.931345
5892 3.835493
5893 5.479508
5894 2.802152
5895 1.526980
5896 2.348641
5897 1.299566
5898 1.093434
5899 1.082195
5900 1.661360
5901 1.245072
5902 1.972587
5903 1.838082
5904 1.476818
5905 1.380373
5906 1.264940
5907 1.327880
5908 1.609360
5909 3.262515
5910 4.973907
5911 2.212486
5912 1.647155
5913 1.026946
5914 5.006808
5915 4.147778
5916 1.575642
5917 1.643210
5918 1.281629
5919 2.231760
5920 2.341339
5921 1.393063
5922 1.996067
5923 4.123262
5924 1.029503
5925 1.340406
5926 3.907438
5927 1.480761
5928 3.040547
5929 2.252781
5930 1.631805
5931 5.134024
5932 2.358711
5933 4.184701
5934 1.738917
5935 4.892912
5936 1.672835
5937 1.271385
5938 1.976226
5939 0.843470
5940 1.262942
5941 1.770481
5942 4.045183
5943 1.486261
5944 0.742429
5945 2.401079
5946 1.789409
5947 5.167815
5948 1.561177
5949 0.816515
5950 2.769384
5951 3.411212
5952 5.798119
5953 2.772511
5954 2.190926
5955 4.147825
5956 1.147158
5957 2.248637
5958 2.135267
5959 2.332324
5960 2.398560
5961 5.008109
5962 2.924143
5963 2.580666
5964 3.281992
5965 3.672404
5966 1.862392
5967 5.024690
5968 6.208968
5969 4.282405
5970 1.950271
5971 3.381807
5972 3.321362
5973 1.531076
5974 3.576089
5975 2.301468
5976 1.618822
5977 1.838564
5978 3.406023
5979 1.695499
5980 2.891133
5981 3.427510
5982 4.284101
5983 4.561020
5984 1.814353
5985 3.342804
5986 2.587584
5987 4.731426
5988 7.104996
5989 2.025864
5990 1.811922
5991 1.211358
5992 1.317988
5993 1.106945
5994 2.123244
5995 0.760858
5996 0.998992
5997 1.753493
5998 3.657160
5999 1.664903
6000 1.100114
6001 3.421285
6002 2.452905
6003 1.693379
6004 1.871261
6005 1.121818
6006 3.678855
6007 3.751426
6008 1.824254
6009 3.501584
6010 2.509871
6011 1.427458
6012 1.457855
6013 7.126967
6014 1.792486
6015 3.404010
6016 0.922672
6017 1.875240
6018 2.099554
6019 1.255088
6020 2.115354
6021 1.119117
6022 4.232722
6023 2.515579
6024 1.671388
6025 2.817479
6026 1.671568
6027 2.454304
6028 2.994540
6029 1.976993
6030 1.823244
6031 1.068224
6032 1.956967
6033 1.247581
6034 1.085143
6035 1.728973
6036 3.126490
6037 4.077303
6038 0.852943
6039 1.523740
6040 1.750667
6041 2.861732
6042 3.104966
6043 2.178129
6044 1.268733
6045 0.932270
6046 1.038720
6047 2.999444
6048 1.105944
6049 1.187734
6050 2.206287
6051 6.919143
6052 0.978333
6053 0.662208
6054 1.254583
6055 2.087547
6056 2.808270
6057 0.749792
6058 6.971900
6059 1.165308
6060 2.742694
6061 1.792203
6062 4.335687
6063 5.017560
6064 2.644096
6065 2.059611
6066 1.172399
6067 1.579322
6068 1.270920
6069 0.979770
6070 10.950601
6071 0.968211
6072 0.835015
6073 2.529200
6074 1.340376
6075 2.064322
6076 4.462624
6077 9.424232
6078 1.872656
6079 1.722867
6080 1.523556
6081 1.138766
6082 2.949955
6083 1.641293
6084 5.107259
6085 1.415104
6086 1.885536
6087 1.826773
6088 0.892321
6089 2.707037
6090 2.664241
6091 3.559706
6092 1.203912
6093 1.477255
6094 1.315880
6095 1.990539
6096 3.450375
6097 3.217933
6098 1.311253
6099 2.342320
6100 1.457332
6101 1.107017
6102 3.454410
6103 3.388477
6104 4.600477
6105 7.347137
6106 1.923169
6107 0.814049
6108 4.003661
6109 1.583580
6110 1.529899
6111 4.613711
6112 1.311714
6113 2.320863
6114 0.996183
6115 3.976002
6116 2.050259
6117 1.567329
6118 1.102116
6119 2.706650
6120 3.858900
6121 2.458261
6122 3.334036
6123 1.717550
6124 1.933144
6125 0.853368
6126 1.401618
6127 1.279161
6128 1.427510
6129 1.106993
6130 1.550185
6131 9.004586
6132 5.946916
6133 2.428009
6134 1.147965
6135 4.815639
6136 1.314563
6137 2.134303
6138 4.703383
6139 2.531991
6140 4.220010
6141 0.945771
6142 2.812861
6143 2.635027
6144 1.632168
6145 0.849125
6146 3.544273
6147 1.606869
6148 0.911278
6149 6.150832
6150 2.444060
6151 0.936045
6152 1.673296
6153 1.589418
6154 0.945714
6155 1.050765
6156 0.891544
6157 1.494167
6158 1.449200
6159 3.684507
6160 5.450325
6161 1.245325
6162 3.521001
6163 1.815440
6164 1.339166
6165 2.800907
6166 1.158024
6167 3.412172
6168 2.591548
6169 0.826792
6170 1.401050
6171 1.055662
6172 5.704568
6173 3.395899
6174 2.591228
6175 1.415704
6176 1.023919
6177 0.646533
6178 1.084586
6179 1.150093
6180 0.939097
6181 1.200863
6182 0.596099
6183 1.313400
6184 0.854268
6185 2.424265
6186 1.159990
6187 3.663148
6188 5.704577
6189 1.228159
6190 10.939697
6191 1.759994
6192 0.815847
6193 7.335024
6194 2.741543
6195 1.120565
6196 4.972309
6197 1.568299
6198 1.950994
6199 1.561100
6200 1.287609
6201 6.795648
6202 3.404893
6203 2.014241
6204 3.996963
6205 1.936675
6206 1.519177
6207 6.638533
6208 2.173596
6209 3.402312
6210 2.020073
6211 4.888516
6212 3.018907
6213 3.777534
6214 4.111845
6215 2.768307
6216 1.426756
6217 3.675342
6218 1.395320
6219 3.249412
6220 5.829538
6221 3.061712
6222 6.293665
6223 1.320851
6224 2.645855
6225 3.771791
6226 1.369922
6227 2.851687
6228 1.843765
6229 5.434022
6230 2.206755
6231 2.055993
6232 1.430758
6233 1.869097
6234 9.808699
6235 3.471049
6236 1.405357
6237 2.073745
6238 5.815711
6239 2.776601
6240 3.689081
6241 4.431809
6242 1.227203
6243 5.286715
6244 1.091677
6245 2.548266
6246 1.529162
6247 4.145405
6248 2.593355
6249 2.478664
6250 1.568777
6251 3.693289
6252 1.579780
6253 5.734450
6254 5.338216
6255 1.450098
6256 2.143108
6257 0.869849
6258 4.029521
6259 2.378371
6260 2.334385
6261 1.066842
6262 1.596503
6263 1.695617
6264 0.946117
6265 1.094122
6266 1.211031
6267 7.034869
6268 3.355231
6269 2.960809
6270 1.109993
6271 4.875082
6272 1.582628
6273 3.980610
6274 1.066495
6275 3.076974
6276 2.400005
6277 4.358984
6278 1.368127
6279 1.792701
6280 1.774604
6281 1.287307
6282 2.320957
6283 0.977207
6284 0.830809
6285 4.244133
6286 1.093868
6287 2.493749
6288 2.687513
6289 0.940999
6290 0.667248
6291 2.646786
6292 1.694633
6293 2.334011
6294 6.406185
6295 0.973464
6296 1.339050
6297 5.339048
6298 2.385002
6299 1.360131
6300 4.486073
6301 5.173057
6302 3.908213
6303 4.693245
6304 2.546664
6305 1.248393
6306 0.998417
6307 3.466823
6308 1.575808
6309 2.308002
6310 1.286093
6311 1.539329
6312 6.352311
6313 1.060960
6314 3.350656
6315 3.719261
6316 1.687137
6317 2.480168
6318 1.058625
6319 4.146181
6320 4.481018
6321 3.608980
6322 2.399516
6323 3.725210
6324 2.022375
6325 0.726776
6326 1.150265
6327 1.077559
6328 0.990581
6329 4.054770
6330 9.212801
6331 6.424101
6332 2.470602
6333 6.372426
6334 6.012188
6335 1.162671
6336 2.566107
6337 3.839164
6338 1.287158
6339 1.401728
6340 7.995432
6341 1.911342
6342 4.837170
6343 2.559281
6344 2.782518
6345 7.010448
6346 3.320635
6347 3.640822
6348 4.108259
6349 3.939292
6350 6.760396
6351 2.469953
6352 5.326981
6353 2.217812
6354 3.077160
6355 4.679861
6356 4.836297
6357 3.973716
6358 6.043881
6359 4.877401
6360 2.146559
6361 2.698162
6362 2.071046
6363 1.230448
6364 1.779471
6365 3.224192
6366 1.269705
6367 4.420403
6368 3.317476
6369 1.357378
6370 5.527210
6371 1.854399
6372 5.623379
6373 1.017284
6374 3.802064
6375 3.391454
6376 1.130742
6377 1.332225
6378 1.493211
6379 4.971292
6380 1.535058
6381 1.026738
6382 1.850102
6383 2.416924
6384 3.116609
6385 2.993378
6386 1.494444
6387 4.871223
6388 2.288326
6389 3.356124
6390 5.867322
6391 4.856527
6392 2.973476
6393 4.735771
6394 8.900448
6395 2.136082
6396 1.299555
6397 3.676807
6398 1.132063
6399 3.782238
6400 1.382256
6401 1.128492
6402 3.705681
6403 1.664094
6404 4.210279
6405 3.073696
6406 2.910029
6407 1.818260
6408 3.347071
6409 3.400037
6410 9.847816
6411 3.189840
6412 2.350908
6413 1.165091
6414 2.262680
6415 5.193338
6416 3.653956
6417 4.169768
6418 1.891819
6419 1.974995
6420 2.697217
6421 15.098367
6422 5.495771
6423 8.816785
6424 4.637696
6425 4.036790
6426 6.633210
6427 3.093899
6428 1.949120
6429 4.347460
6430 4.996944
6431 1.768928
6432 6.548797
6433 0.937359
6434 1.118663
6435 2.493755
6436 3.415355
6437 2.639929
6438 0.966708
6439 3.913782
6440 1.563846
6441 1.655301
6442 1.320307
6443 2.497802
6444 8.827166
6445 2.961813
6446 4.079475
6447 1.872186
6448 2.177406
6449 4.405203
6450 1.024867
6451 2.669824
6452 2.597234
6453 4.351104
6454 8.365864
6455 3.353323
6456 1.539901
6457 0.983348
6458 1.069260
6459 4.815887
6460 2.370107
6461 2.876750
6462 4.102612
6463 2.652542
6464 1.100675
6465 3.009194
6466 4.369459
6467 8.121935
6468 1.927646
6469 1.603341
6470 2.478615
6471 1.558533
6472 1.470852
6473 4.731293
6474 0.856607
6475 1.939079
6476 0.892530
6477 2.356211
6478 7.472672
6479 1.446972
6480 2.211691
6481 3.512278
6482 4.298359
6483 0.858109
6484 2.124426
6485 4.807006
6486 4.265783
6487 12.081128
6488 1.348267
6489 2.252764
6490 1.624380
6491 1.268179
6492 5.893077
6493 2.721843
6494 6.169373
6495 3.309248
6496 1.101234
6497 1.838003
6498 4.456341
6499 4.012226
6500 4.084903
6501 3.404599
6502 5.539355
6503 1.931675
6504 3.412890
6505 2.614225
6506 1.530430
6507 5.319909
6508 5.946772
6509 3.191865
6510 2.523919
6511 1.481521
6512 1.682570
6513 2.612250
6514 2.187536
6515 2.126083
6516 0.869464
6517 4.460779
6518 1.005846
6519 2.256463
6520 2.601200
6521 2.411916
6522 2.364641
6523 1.889426
6524 1.153835
6525 2.043505
6526 0.835220
6527 2.159756
6528 1.668628
6529 2.891485
6530 1.637319
6531 1.761816
6532 4.798069
6533 3.169984
6534 1.556184
6535 3.251253
6536 1.442591
6537 3.562682
6538 5.467378
6539 3.748590
6540 1.403157
6541 2.284324
6542 3.599835
6543 2.940329
6544 3.218894
6545 1.255866
6546 4.306010
6547 1.388433
6548 3.684998
6549 2.396285
6550 2.453065
6551 1.025692
6552 1.309348
6553 2.489422
6554 5.763525
6555 3.117043
6556 0.608891
6557 2.584417
6558 3.078505
6559 2.965509
6560 2.609125
6561 3.770400
6562 1.113710
6563 1.593984
6564 1.779468
6565 3.056382
6566 2.500239
6567 1.204040
6568 3.731799
6569 1.849232
6570 6.107014
6571 2.679498
6572 1.269508
6573 3.698928
6574 1.383815
6575 5.000194
6576 3.834899
6577 4.895867
6578 0.815153
6579 5.400177
6580 3.876008
6581 1.402079
6582 3.936018
6583 3.777029
6584 1.292870
6585 1.020003
6586 1.852381
6587 1.912857
6588 3.369195
6589 1.749839
6590 5.110937
6591 3.248358
6592 3.181352
6593 2.264300
6594 2.912771
6595 2.581918
6596 2.820583
6597 1.492435
6598 9.100608
6599 1.387066
6600 0.772948
6601 3.549612
6602 0.887951
6603 1.314624
6604 4.507766
6605 4.303648
6606 8.266397
6607 2.203946
6608 2.187598
6609 5.236034
6610 2.107582
6611 1.699257
6612 1.372653
6613 3.479842
6614 1.177657
6615 3.332757
6616 2.824129
6617 0.947639
6618 0.848360
6619 0.686288
6620 1.329921
6621 2.211376
6622 1.274586
6623 2.827595
6624 1.592740
6625 3.439892
6626 1.292093
6627 1.437464
6628 1.716448
6629 1.275323
6630 1.995314
6631 0.967945
6632 1.268607
6633 0.879353
6634 3.600947
6635 1.686066
6636 0.845867
6637 3.497383
6638 0.935295
6639 0.783577
6640 3.560226
6641 1.116682
6642 4.596174
6643 9.312316
6644 1.119397
6645 1.516668
6646 0.943370
6647 1.120008
6648 2.544544
6649 2.201456
6650 2.392274
6651 2.258005
6652 1.223398
6653 0.855157
6654 0.989727
6655 1.185340
6656 3.894495
6657 1.154930
6658 2.877673
6659 1.964840
6660 3.420192
6661 3.248123
6662 1.766561
6663 2.017739
6664 2.302257
6665 1.555870
6666 3.053123
6667 1.615677
6668 5.214518
6669 0.976473
6670 0.941180
6671 0.835842
6672 2.289817
6673 0.800074
6674 4.391184
6675 1.106262
6676 1.114231
6677 0.865193
6678 3.316540
6679 1.138068
6680 0.916571
6681 4.309486
6682 1.362930
6683 1.951853
6684 2.829819
6685 1.107077
6686 3.523503
6687 3.255804
6688 1.794676
6689 3.681627
6690 8.764778
6691 0.597542
6692 1.708723
6693 0.874572
6694 3.146972
6695 1.125968
6696 1.799134
6697 1.725208
6698 2.839987
6699 1.921073
6700 1.693238
6701 8.390647
6702 1.159828
6703 3.218801
6704 2.436351
6705 0.768761
6706 1.888962
6707 2.442701
6708 2.792179
6709 1.145546
6710 0.746415
6711 1.247662
6712 0.979898
6713 2.927712
6714 4.787317
6715 3.416910
6716 0.686878
6717 1.029228
6718 1.731878
6719 2.885456
6720 3.051523
6721 1.857558
6722 1.654635
6723 1.804236
6724 1.971835
6725 1.505534
6726 4.186876
6727 0.618308
6728 1.019328
6729 1.097698
6730 2.324225
6731 1.361353
6732 1.126732
