0 26.194719 30.764866
1 32.828117 32.463421
2 29.308298 35.903465
3 33.688900 37.936939
4 38.052044 35.150734
5 32.732201 37.709526
6 33.688457 34.536526
7 32.746517 28.470095
8 24.395151 35.470776
9 28.470304 29.753349
10 24.069860 27.849144
11 36.204441 31.857645
12 30.863222 27.572266
13 40.071274 37.328148
14 29.820591 27.128515
15 28.688280 31.276831
16 23.926960 29.217373
17 32.242371 31.299038
18 25.804325 32.189873
19 25.392866 28.094753
20 23.817213 27.965933
21 28.655230 28.962402
22 31.028364 28.249094
23 25.703686 28.944023
24 31.296244 25.942509
25 32.534954 35.884686
26 30.168736 23.807024
27 31.645376 25.947414
28 28.646088 27.720707
29 26.278725 28.901831
30 28.178871 35.067520
31 22.265127 28.262909
32 23.291182 26.036997
33 25.602242 22.939466
34 28.314280 29.062346
35 22.692844 26.818840
36 28.307478 24.058567
37 17.373215 33.942928
38 22.545099 23.829786
39 21.691637 22.636703
40 25.393545 25.570366
41 24.686577 23.427248
42 27.007074 24.979965
43 27.376972 26.031269
44 32.409847 25.781122
45 33.263931 24.983011
46 27.169931 22.345585
47 25.668867 30.076122
48 26.099455 29.209761
49 37.477283 26.501509
50 18.547777 28.761292
51 25.133476 28.666565
52 23.515848 22.612070
53 20.419933 26.904535
54 22.101227 28.299726
55 23.198483 19.568367
56 21.684059 31.352089
57 21.737658 20.864904
58 22.240574 23.870487
59 19.867836 30.514326
60 19.622654 21.283333
61 20.591702 23.919443
62 26.681818 25.354733
63 20.031580 19.918325
64 24.129616 28.296835
65 26.877647 19.125519
66 20.968496 30.292379
67 22.840271 20.509916
68 22.716190 25.201996
69 25.411577 22.317684
70 24.652191 23.275017
71 14.930594 25.813646
72 20.967678 19.305849
73 22.801655 24.445210
74 30.483349 17.566168
75 19.667049 21.171852
76 22.303696 23.734715
77 24.585440 25.010029
78 21.622070 26.173569
79 22.916569 23.600698
80 22.208158 25.466867
81 22.562019 32.777267
82 20.610786 23.528534
83 23.819204 27.369497
84 22.966854 20.994040
85 18.002069 20.657759
86 21.316042 19.602631
87 23.281717 23.113760
88 20.588055 22.288172
89 16.975393 22.363955
90 14.676527 25.755922
91 22.375082 21.629160
92 18.919964 18.001801
93 24.442875 21.447216
94 23.529297 25.117632
95 23.103136 19.692558
96 25.076174 21.294058
97 19.818123 15.224579
98 18.369871 19.414101
99 21.129789 20.120026
100 19.166134 21.853462
101 21.230707 16.881931
102 16.128540 28.848524
103 22.044703 27.874647
104 22.098068 19.670315
105 21.583643 23.718374
106 20.259274 19.859858
107 19.564167 21.780647
108 21.704737 22.381586
109 18.903805 19.997566
110 23.729467 14.858007
111 18.861938 26.982666
112 27.309837 16.699364
113 24.153477 16.231127
114 19.921982 23.357172
115 15.944164 21.510664
116 24.560026 19.970778
117 24.824507 20.166809
118 13.390823 17.133331
119 21.894623 22.822309
120 17.317444 22.822309
121 20.047121 15.920657
122 29.723774 20.656689
123 26.357500 21.212524
124 19.541924 19.268957
125 21.734255 23.100742
126 24.524382 18.266235
127 16.849220 18.825890
128 19.915117 22.018515
129 21.470572 20.912327
130 19.874311 15.018129
131 21.559124 23.661022
132 15.474335 23.260458
133 13.514968 17.550627
134 16.122017 17.504202
135 16.009277 21.311382
136 18.605350 13.829045
137 18.404581 25.663399
138 16.931835 21.306313
139 18.803625 17.871723
140 12.396111 19.496918
141 24.647934 22.347731
142 15.811567 17.512510
143 19.029888 24.205936
144 22.579712 22.673008
145 27.111933 28.043314
146 23.973440 15.743491
147 24.343203 25.170080
148 21.319862 21.533337
149 23.486023 20.550163
150 21.475939 18.744694
151 18.121630 21.304207
152 15.126811 22.862827
153 14.885188 22.764896
154 20.757202 18.643488
155 19.468985 14.268058
156 20.206873 25.554167
157 24.750406 17.675217
158 21.876719 17.196388
159 18.464689 22.479395
160 24.648376 15.195182
161 18.587648 22.954031
162 21.220018 14.190461
163 27.084223 25.115717
164 23.199699 23.981459
165 17.492487 28.134003
166 13.644514 18.178452
167 25.067299 18.244299
168 12.058592 26.240623
169 17.625954 17.137453
170 18.031008 19.425804
171 13.390759 17.186579
172 15.560544 26.668974
173 25.700340 19.198725
174 22.774757 17.187191
175 21.325134 20.876957
176 14.031578 16.331741
177 21.132387 24.441662
178 22.984888 17.009779
179 20.845976 17.337107
180 23.539701 20.556616
181 19.051975 16.343233
182 13.418011 16.807026
183 20.271458 16.672483
184 16.891787 23.090048
185 15.966531 14.317400
186 18.011425 15.880700
187 17.022158 16.027409
188 21.683224 14.622861
189 15.528343 22.506237
190 23.088942 21.258579
191 17.869627 13.478601
192 18.984488 10.930778
193 19.665369 20.916084
194 19.196421 18.187979
195 21.396132 23.488005
196 24.066942 24.736547
197 20.001451 23.671587
198 16.840429 19.891714
199 13.397622 18.840157
200 14.671282 24.147463
201 15.553764 19.719463
202 16.609583 17.153934
203 16.845190 13.049872
204 23.174171 19.973488
205 20.321848 20.717348
206 23.780554 19.373877
207 11.663855 20.555742
208 20.097881 21.419800
209 16.907179 22.212677
210 24.724562 20.855215
211 18.580269 23.804482
212 20.051399 22.398232
213 17.874023 22.834442
214 20.437847 22.727461
215 20.672222 19.916552
216 19.304434 19.185705
217 16.485064 25.034941
218 18.623796 28.724096
219 17.095564 27.790077
220 18.637159 14.106389
221 14.199494 18.735979
222 17.894819 18.794270
223 23.966284 14.456451
224 28.987387 15.601107
225 15.816399 19.517090
226 22.953138 20.942770
227 26.861610 21.008526
228 19.798704 21.682558
229 24.467802 18.198074
230 21.004652 22.310507
231 24.030918 17.562708
232 14.971436 23.565727
233 23.873304 18.610876
234 22.819654 16.011932
235 22.315849 20.348953
236 17.623928 17.975632
237 16.680689 27.495592
238 28.599419 20.129404
239 17.208500 23.528339
240 25.052835 20.179684
241 19.812801 18.179596
242 18.149876 19.774517
243 22.545427 24.602102
244 14.819441 34.068211
245 18.996721 21.603130
246 18.427935 24.029448
247 27.909079 25.029202
248 22.278477 22.473774
249 17.945992 16.439320
250 14.744147 27.441591
251 18.545195 21.936811
252 21.153175 16.053137
253 22.668365 27.134506
254 25.397917 11.430983
255 13.323508 19.705307
256 30.116039 22.594564
257 15.539709 29.797564
258 18.162243 13.797053
259 14.901601 19.535288
260 13.505095 18.004946
261 17.208422 23.159620
262 20.147099 12.716354
263 16.079079 15.316433
264 19.235065 12.140317
265 22.530781 28.303139
266 22.523676 19.716843
267 15.991745 16.761700
268 19.797972 17.917540
269 24.909937 21.932714
270 15.841899 17.430227
271 18.859158 22.256849
272 17.496626 21.792049
273 27.721676 12.532959
274 19.161516 17.439880
275 12.357291 16.180996
276 18.609056 12.252712
277 19.877434 19.144440
278 14.567893 27.502327
279 14.182352 15.356076
280 22.332607 18.726921
281 22.583124 22.004940
282 16.687098 23.358480
283 18.731394 21.273170
284 16.853628 18.704718
285 19.623095 22.321001
286 15.761239 17.118237
287 28.318693 21.527363
288 15.248121 16.455967
289 18.794786 19.537119
290 12.580589 23.357069
291 15.755925 17.909702
292 26.591038 22.289921
293 21.398684 20.424822
294 20.267107 25.038881
295 14.976208 17.614733
296 22.550844 15.792492
297 19.560478 17.440893
298 21.925434 16.777687
299 19.017143 18.057220
300 21.309950 19.760199
301 18.693508 17.424528
302 16.710674 16.921774
303 14.373269 16.298952
304 18.333670 17.995146
305 17.423832 16.604443
306 18.000893 23.924263
307 12.778705 14.876907
308 17.520445 27.280809
309 21.555708 24.518562
310 20.885427 19.947392
311 16.404308 19.698864
312 20.889013 25.367472
313 12.740907 18.133057
314 21.067434 18.627575
315 13.427465 22.972250
316 16.870714 20.615231
317 21.912312 15.780400
318 18.518610 15.147274
319 12.928787 16.164856
320 20.429531 24.160242
321 20.268459 22.121660
322 25.382084 17.413574
323 24.235037 14.285060
324 21.099773 15.433448
325 18.908142 20.436892
326 14.820475 19.351078
327 16.041290 24.247873
328 13.056908 18.468418
329 16.592638 20.104095
330 16.637754 13.591509
331 21.065063 22.332827
332 16.727919 17.558386
333 17.268759 24.000956
334 20.237173 22.578312
335 16.915796 16.536371
336 18.692650 14.833954
337 20.575863 18.254103
338 20.180668 19.871653
339 14.549484 19.048159
340 25.277758 17.598360
341 16.594160 19.353193
342 21.203634 21.077856
343 19.646894 20.136404
344 14.408853 24.700369
345 19.454906 13.693635
346 20.673368 17.366781
347 18.959747 12.839578
348 22.895752 23.213531
349 18.641682 19.417435
350 20.636974 18.611515
351 16.785086 16.590464
352 16.085819 19.496019
353 16.542423 12.932300
354 22.753942 16.069962
355 26.102419 17.542046
356 20.183046 25.011047
357 17.033573 18.561481
358 19.920301 19.062008
359 20.029787 14.959560
360 15.962177 22.734060
361 25.564920 22.355059
362 20.595564 16.464243
363 18.783415 20.491987
364 18.419748 21.107893
365 17.630688 18.392517
366 21.229275 16.555298
367 15.736965 17.185236
368 17.635963 19.279154
369 22.141567 24.191906
370 17.495619 21.652369
371 17.438450 18.089720
372 20.250645 19.343445
373 20.687487 28.518555
374 14.261381 22.468273
375 27.546694 13.268772
376 20.208822 18.031086
377 16.591255 15.338593
378 17.285704 13.828389
379 20.692492 16.353640
380 16.885313 20.487474
381 10.279469 13.685287
382 21.822723 21.084141
383 14.092731 23.524389
384 16.976990 17.610712
385 19.150940 13.860046
386 16.827921 12.807479
387 14.254008 16.727573
388 15.239616 16.723297
389 19.372894 17.675194
390 24.676289 19.424751
391 23.133152 12.888966
392 19.155266 15.795737
393 20.381908 22.592129
394 19.218916 13.524470
395 24.102142 17.275774
396 13.479960 15.814054
397 12.096780 21.453798
398 16.501108 23.912283
399 17.461952 19.101587
400 24.041185 14.213930
401 16.372353 17.192871
402 14.076578 15.760381
403 14.949086 11.658948
404 16.280258 21.237423
405 12.914063 11.606416
406 19.361521 16.773672
407 16.987181 19.378038
408 14.371491 16.529613
409 13.849274 16.263748
410 17.691038 15.829438
411 18.694042 15.197205
412 20.577385 13.686759
413 21.537361 14.493776
414 17.324509 15.324210
415 26.090096 20.546555
416 16.777155 25.091156
417 14.185118 17.324095
418 17.805506 18.880999
419 18.147820 22.202177
420 22.121975 14.820960
421 22.282995 15.202781
422 21.612118 20.479073
423 18.227655 16.268583
424 13.591368 24.739094
425 22.034115 14.215373
426 12.457308 20.770895
427 20.658701 14.906074
428 16.589193 28.074192
429 12.482478 20.461201
430 18.346621 16.493866
431 17.095953 14.082676
432 19.574793 18.270798
433 17.779961 16.154837
434 19.870449 19.263998
435 17.163977 19.639940
436 17.379629 20.425819
437 20.545977 21.684128
438 17.931732 14.967468
439 18.191431 21.376421
440 19.467398 15.685430
441 23.456621 15.464833
442 17.020899 18.856625
443 17.855007 19.238611
444 21.376831 14.722597
445 17.487297 21.334816
446 20.262691 23.081720
447 26.395786 22.152344
448 18.455198 19.326189
449 22.999556 18.369249
450 18.219219 15.874523
451 16.413862 20.322206
452 19.121834 17.343884
453 14.058851 17.650675
454 16.537994 26.317131
455 13.496736 22.117065
456 15.594111 17.605677
457 21.921673 17.447351
458 20.049465 12.793611
459 15.777660 16.746185
460 15.984325 12.427439
461 18.388857 22.894629
462 16.240339 18.089075
463 23.421343 19.043734
464 17.207571 14.531337
465 23.243160 18.608820
466 19.036215 15.561157
467 19.544025 13.104493
468 15.596128 17.065062
469 21.655666 18.687386
470 15.405715 24.318659
471 17.630974 14.572680
472 20.760349 17.129145
473 16.931866 14.693625
474 17.224016 19.704178
475 30.058207 20.412020
476 15.016473 19.953316
477 21.932415 22.334639
478 18.932560 11.638759
479 16.387590 13.970865
480 14.346600 24.250780
481 20.211193 22.503452
482 20.295935 19.597521
483 13.197277 13.183109
484 21.804922 17.162378
485 18.734383 16.976957
486 21.527090 19.019678
487 20.627377 12.962385
488 17.093143 16.433790
489 19.090675 18.006340
490 16.101648 12.345504
491 26.850395 20.659426
492 18.761066 22.347870
493 15.978547 15.479053
494 20.505877 17.329262
495 15.465060 14.420628
496 19.558159 14.506406
497 22.190531 17.887690
498 10.597413 16.180710
499 15.422587 16.207056
500 20.706493 14.921368
501 15.009038 15.137562
502 15.468528 24.416609
503 21.042187 13.938873
504 23.305145 14.725130
505 14.973750 18.746302
506 15.177757 21.680595
507 18.266634 17.606537
508 17.364714 17.139633
509 18.409557 15.591191
510 12.188442 18.582111
511 14.399223 18.867119
512 13.856198 13.779600
513 16.920208 19.406414
514 19.614414 19.398314
515 20.335049 16.800236
516 12.494661 12.328239
517 21.926723 16.412909
518 24.643766 15.788712
519 19.223234 16.396889
520 17.314035 14.496089
521 12.139322 15.421023
522 17.847551 21.594814
523 13.005280 15.369268
524 18.426777 13.782903
525 21.081530 14.714885
526 20.554445 14.863970
527 14.357907 16.631004
528 21.065437 16.336163
529 14.686015 20.663019
530 16.649757 16.977930
531 14.789538 12.674724
532 22.594126 14.246988
533 32.116993 16.470903
534 16.992975 16.874317
535 15.159731 23.521721
536 19.808184 18.666058
537 22.323992 20.654026
538 18.559721 16.546177
539 25.844477 20.219198
540 21.280039 19.923691
541 27.040501 16.773821
542 15.876767 16.369612
543 25.361723 24.425772
544 23.106859 16.201786
545 15.686772 12.495747
546 16.137468 18.254110
547 19.934744 13.965782
548 16.615984 17.456066
549 21.070932 30.096279
550 11.186286 15.126955
551 21.942547 24.454533
552 17.654898 16.450546
553 18.764931 19.358364
554 21.437481 14.697065
555 14.648254 19.241510
556 21.573971 14.141489
557 18.698332 19.819843
558 20.810816 17.927753
559 24.715784 23.646814
560 16.148357 17.663271
561 20.877876 22.520189
562 24.261223 12.953883
563 14.690200 14.917537
564 21.283354 14.878313
565 20.519823 21.671816
566 19.211399 19.090345
567 29.077944 16.571405
568 19.297438 20.008959
569 17.396893 20.866371
570 16.544357 22.703833
571 21.623495 16.657534
572 19.620424 23.371376
573 14.265220 20.197905
574 20.216780 17.903461
575 18.109165 18.488384
576 22.327473 13.797107
577 16.768875 16.403034
578 10.498837 16.684752
579 19.095911 19.547241
580 13.803713 15.215568
581 17.085901 19.365805
582 20.155790 16.766624
583 22.825508 18.845690
584 18.886824 14.164904
585 16.854971 24.496437
586 20.698111 19.088861
587 23.416140 18.393131
588 25.040442 13.781645
589 15.856652 13.902973
590 14.719404 15.360671
591 17.980320 16.631983
592 18.765240 21.544556
593 13.719372 19.275005
594 16.962952 17.918734
595 19.641073 14.406886
596 13.854145 17.147739
597 18.256191 14.460822
598 15.013831 19.081642
599 13.533989 18.046616
600 21.416241 21.894390
601 19.351406 15.779713
602 17.492373 25.109550
603 18.543074 15.928655
604 15.335669 11.574629
605 21.290152 12.890465
606 15.080122 13.384785
607 16.114594 18.494389
608 19.467848 13.134794
609 32.432552 18.490194
610 25.048792 21.298002
611 15.766507 16.946920
612 21.816416 23.258980
613 22.341728 15.706388
614 20.244753 21.243267
615 19.037582 12.366321
616 14.029033 12.866189
617 17.708904 14.473299
618 14.910617 17.376476
619 24.785191 14.544470
620 22.725515 21.112823
621 22.616224 14.522634
622 18.096098 25.772095
623 17.611282 15.099640
624 24.225945 19.111355
625 21.894831 19.653324
626 24.561602 20.069666
627 22.543186 18.736076
628 18.750824 15.158762
629 22.114819 17.929489
630 25.307613 19.389685
631 17.697052 11.218647
632 19.985697 15.925281
633 18.250681 14.572464
634 20.376301 17.488079
635 14.086920 16.247770
636 19.989330 19.752642
637 22.762630 15.815401
638 15.774219 21.407011
639 17.625753 16.308706
640 21.723745 24.616524
641 20.607368 18.095631
642 26.767485 19.251764
643 21.285969 22.060200
644 16.091238 20.572710
645 14.728635 17.570055
646 15.782189 15.569963
647 12.642475 18.930780
648 12.443852 14.133495
649 19.198931 21.982073
650 19.643259 17.961683
651 18.390162 12.005930
652 23.586473 17.195354
653 18.815622 15.429638
654 10.202369 16.259085
655 16.180973 18.952700
656 12.554067 15.003908
657 17.888781 21.340193
658 20.707445 17.755608
659 19.343935 18.353834
660 25.984648 13.085180
661 15.715281 19.192583
662 13.412419 12.004917
663 13.250660 18.478065
664 22.875191 14.911050
665 17.617975 15.554531
666 15.667060 18.933830
667 14.505894 14.383525
668 13.754266 19.804199
669 24.350105 26.305943
670 18.900576 11.355090
671 19.741602 17.198534
672 28.975328 18.196415
673 15.014871 19.465740
674 11.669503 13.378540
675 16.248394 17.029657
676 21.566593 15.910090
677 19.499739 12.020752
678 14.004356 18.266827
679 13.346882 20.582163
680 19.209677 12.940737
681 16.410198 16.214357
682 15.570915 19.670212
683 15.107597 27.280266
684 24.570114 20.668770
685 21.281984 12.675465
686 16.480297 16.977083
687 17.087397 15.372364
688 17.680145 20.819347
689 16.069859 11.769912
690 16.134747 14.491806
691 17.929289 19.522709
692 17.643776 20.624037
693 22.760983 15.946692
694 15.192942 16.014015
695 14.720751 15.346939
696 20.164532 16.230642
697 11.203239 21.944258
698 21.634417 18.753857
699 15.081594 12.151367
700 19.045740 15.264087
701 25.783815 17.045553
702 15.735837 16.227415
703 18.022848 16.891562
704 15.448833 17.651476
705 17.479595 15.852454
706 15.953929 14.192601
707 19.895199 12.612189
708 17.009298 17.422789
709 13.236722 18.945091
710 15.239376 14.294270
711 14.602174 12.509786
712 16.223703 17.458031
713 14.163715 18.678783
714 15.297365 17.377954
715 23.334709 18.098246
716 21.136030 20.076488
717 16.511242 17.140257
718 21.761015 12.832895
719 13.236235 23.827953
720 20.939714 13.573188
721 20.862352 12.333352
722 15.616743 14.048379
723 11.299556 18.300751
724 14.301455 20.974072
725 23.160204 18.514997
726 13.604846 13.533641
727 18.450239 17.123985
728 17.729677 15.663941
729 16.085880 19.901270
730 22.531481 17.266573
731 18.186701 8.983478
732 15.085180 12.964830
733 14.570923 14.188252
734 17.100458 12.810406
735 15.803166 17.242651
736 17.519613 23.781118
737 19.332912 21.813215
738 16.625120 14.062980
739 18.799822 20.866598
740 18.848946 14.771817
741 13.854630 17.842087
742 14.998464 14.570366
743 22.808525 18.108795
744 16.920261 16.425230
745 13.044971 23.412180
746 13.256204 15.154212
747 17.469259 16.147987
748 19.047729 19.989574
749 18.508512 13.407804
750 11.818311 17.592232
751 20.524042 14.996792
752 17.826380 17.117174
753 21.056622 18.992870
754 20.786188 17.819118
755 16.891376 14.969862
756 19.874620 16.760664
757 14.404729 14.190323
758 12.343052 19.146357
759 13.300749 23.927996
760 15.492950 14.153956
761 17.607483 18.156752
762 19.024120 13.738754
763 16.067419 18.203377
764 18.839863 16.133121
765 10.987450 24.444658
766 22.773018 17.318569
767 11.202649 22.979502
768 18.633348 18.785479
769 20.572973 19.827925
770 19.985891 20.795967
771 15.958280 20.229027
772 17.178038 18.611635
773 22.127192 14.746399
774 12.601430 13.901611
775 16.515457 18.535196
776 23.189217 19.636860
777 16.513470 17.982019
778 17.702187 15.273032
779 20.325483 19.427118
780 16.454128 17.694555
781 17.117302 16.809656
782 17.215637 21.141758
783 16.025862 15.629381
784 18.671368 18.227268
785 17.566111 19.979286
786 14.608171 14.483461
787 22.853224 10.646094
788 18.366541 20.009296
789 15.254941 20.478022
790 19.223125 19.619495
791 22.455942 15.838215
792 24.706764 16.616850
793 18.159084 17.345554
794 24.084131 11.594871
795 13.012551 21.192278
796 12.806585 18.897753
797 20.192631 18.059319
798 15.392573 14.802529
799 16.237923 22.560493
800 22.031946 19.031231
801 16.898951 15.347980
802 22.396103 20.913288
803 15.668942 18.646025
804 11.764130 14.112560
805 20.985830 14.939406
806 16.287888 15.609694
807 13.692026 13.470204
808 21.446411 18.245945
809 15.032793 13.874128
810 19.501656 25.326611
811 15.860332 26.388735
812 17.766006 18.852692
813 23.943010 22.411024
814 14.092680 19.359274
815 17.888329 20.649004
816 12.170791 22.391317
817 16.261065 16.738783
818 18.631252 19.360891
819 19.083736 12.588198
820 16.750444 17.474579
821 20.215857 9.852554
822 17.772436 21.982857
823 19.621572 15.892761
824 19.152174 16.776890
825 19.782688 20.247179
826 17.350998 21.103638
827 16.328339 13.949990
828 16.007412 15.920110
829 15.903658 18.857897
830 15.338545 18.209665
831 17.651451 21.375576
832 20.473314 15.835094
833 12.574653 26.114763
834 14.415764 22.178129
835 19.930786 19.799564
836 17.613764 24.310083
837 13.042542 17.578255
838 21.187195 21.455429
839 20.893780 13.340721
840 19.921412 17.505627
841 16.339973 19.233210
842 13.858237 18.041136
843 16.087797 14.591039
844 14.902236 20.282368
845 17.843714 16.602459
846 16.774479 18.672112
847 16.914700 14.296354
848 25.623432 15.836496
849 18.830969 16.602524
850 13.396008 16.632107
851 16.785574 15.726872
852 20.168329 19.198442
853 16.933466 16.357225
854 12.793396 22.085155
855 15.954269 16.149418
856 15.148743 10.405635
857 16.971497 17.697567
858 15.461767 11.554491
859 16.623390 27.866091
860 19.049355 17.107618
861 12.591052 15.610183
862 12.531465 21.854841
863 10.386008 11.205868
864 15.761737 12.101240
865 16.543983 16.083015
866 19.553036 16.923246
867 16.680130 14.260984
868 20.625219 12.830756
869 14.449936 14.949302
870 16.451872 14.498218
871 17.082642 17.166788
872 19.746639 17.359144
873 18.670725 19.268442
874 20.480024 16.573032
875 18.003931 19.358156
876 22.068317 12.561633
877 20.098820 19.425200
878 23.699753 18.719982
879 19.074978 17.655954
880 19.900997 19.116907
881 19.562065 20.850367
882 13.989236 18.454372
883 20.445913 19.950802
884 16.086679 16.821995
885 19.150105 16.194689
886 13.916081 22.592293
887 17.404486 17.403296
888 12.742037 20.747629
889 20.161587 17.737692
890 28.831596 15.279759
891 15.160005 12.995285
892 21.691374 18.914120
893 16.572933 13.707417
894 21.384783 16.562782
895 15.736931 15.420617
896 15.392262 15.806760
897 16.316010 26.109541
898 26.154053 23.082167
899 13.585869 15.589886
900 24.494389 18.788448
901 17.394554 21.102261
902 19.322390 16.771914
903 20.275625 11.942641
904 20.029888 17.141384
905 19.197765 16.533924
906 16.162209 15.589252
907 16.982796 14.757067
908 14.615810 12.317775
909 15.296903 16.352808
910 18.432175 19.437225
911 17.021706 21.809345
912 23.986338 15.486102
913 18.716383 18.990278
914 18.754152 15.622744
915 14.857964 15.992136
916 20.500937 12.300849
917 20.765512 17.778465
918 21.902781 18.837376
919 15.492889 13.505151
920 13.169622 17.200499
921 13.005346 11.115191
922 14.396844 17.634611
923 15.669641 19.302124
924 15.310713 20.591261
925 21.220795 17.893223
926 21.083900 13.022073
927 11.356168 23.625597
928 13.261611 12.876370
929 18.064295 16.025236
930 14.558459 18.025827
931 12.462203 17.921274
932 15.533644 21.483406
933 26.828905 25.445988
934 15.353185 11.249623
935 14.200451 19.871605
936 20.298771 17.760801
937 13.166540 15.640893
938 13.861478 14.947545
939 17.034821 15.142383
940 18.307865 14.350818
941 11.816289 16.785566
942 12.268984 19.428473
943 14.325546 15.134301
944 19.069708 19.230124
945 13.369721 22.396610
946 13.819663 11.809858
947 19.802246 12.769777
948 17.775356 11.915244
949 19.780107 20.368670
950 19.382164 14.820366
951 22.054743 18.911173
952 20.352190 16.101189
953 12.714070 17.245712
954 17.152731 11.073756
955 12.877143 19.460114
956 14.629922 12.888592
957 13.311826 17.528637
958 16.034271 20.713884
959 15.770959 21.546673
960 13.073652 17.267345
961 10.210000 14.089841
962 23.272228 15.219498
963 16.376411 13.919177
964 12.695979 13.690161
965 17.737654 15.423302
966 12.989511 12.112247
967 12.939531 15.505996
968 20.850101 14.211797
969 16.520741 12.770264
970 13.560481 12.490973
971 16.650103 13.784875
972 11.303882 24.292761
973 17.790833 16.052607
974 15.626354 16.632801
975 13.657991 15.073018
976 15.903013 16.073236
977 19.036200 13.085363
978 11.945511 21.368811
979 15.616765 17.969311
980 17.216423 15.786383
981 9.772125 28.575279
982 8.157793 24.238316
983 13.467278 17.509485
984 14.313902 21.314396
985 11.837827 15.485576
986 17.097141 13.077695
987 23.455379 21.483562
988 18.903717 20.086805
989 19.597492 15.238008
990 23.520498 16.644194
991 19.838615 15.998606
992 12.095166 15.362018
993 19.702057 11.777688
994 18.910440 22.244946
995 21.738289 20.949772
996 16.769646 13.259949
997 14.943791 11.895073
998 15.386766 16.631508
999 20.349689 19.596315
1000 21.999023 21.786919
1001 13.919971 22.836367
1002 11.142076 13.358697
1003 16.114206 14.748376
1004 14.052259 15.135459
1005 19.539867 12.805718
1006 21.146408 11.777637
1007 17.449236 14.924587
1008 21.165277 23.167353
1009 16.742451 11.645722
1010 18.431309 17.212456
1011 16.594761 12.942549
1012 20.127499 13.276862
1013 21.400530 17.742424
1014 14.461802 21.804102
1015 22.647152 22.073788
1016 17.125298 16.084438
1017 20.128504 14.429565
1018 30.585527 19.774717
1019 11.322008 18.943316
1020 12.763747 18.093796
1021 17.822268 19.270611
1022 20.015076 10.694311
1023 12.152064 17.419142
1024 16.286457 17.022549
1025 11.651609 8.105701
1026 15.791493 16.445047
1027 16.155600 11.552541
1028 13.848511 10.821181
1029 14.278429 18.872000
1030 12.785697 14.161556
1031 26.703146 16.480154
1032 18.379705 16.599464
1033 18.761259 26.175961
1034 17.535427 20.343189
1035 21.396408 15.703923
1036 19.223808 22.375553
1037 15.057456 18.297516
1038 18.408157 16.115021
1039 17.954086 13.283718
1040 17.585485 19.563307
1041 20.800806 20.819004
1042 19.144474 20.715942
1043 19.826828 17.975090
1044 11.454880 20.166952
1045 17.458658 17.255085
1046 13.513896 16.247055
1047 13.500555 22.035131
1048 15.697380 11.795896
1049 19.577356 25.027348
1050 22.168312 16.331648
1051 22.914955 12.155668
1052 15.604502 21.048056
1053 19.391327 16.860085
1054 18.811659 20.633125
1055 15.245022 20.708899
1056 15.986948 10.236646
1057 25.597876 19.476858
1058 17.774076 21.171268
1059 18.582775 16.464064
1060 13.595739 16.384907
1061 19.261635 14.719261
1062 17.086380 20.195023
1063 16.461637 15.312944
1064 18.825039 16.460894
1065 13.457692 11.625728
1066 20.984650 15.184143
1067 12.995119 19.219742
1068 18.507135 22.057705
1069 12.862839 15.714703
1070 12.192417 18.247694
1071 10.562071 14.202016
1072 13.216143 20.476957
1073 19.250105 14.184890
1074 14.116650 13.576570
1075 19.619820 18.896330
1076 15.303769 16.450747
1077 15.713453 10.543838
1078 17.947758 14.581665
1079 14.727383 16.446428
1080 17.511591 17.266312
1081 12.852026 17.820402
1082 13.461026 24.534140
1083 17.669609 18.439863
1084 20.744232 20.331604
1085 15.732741 15.311284
1086 15.550849 13.005254
1087 12.658701 18.897917
1088 18.717787 11.381414
1089 20.822563 15.848967
1090 14.762348 16.188612
1091 28.244526 13.003035
1092 17.669592 16.872744
1093 14.784280 18.612583
1094 24.570414 17.536186
1095 18.930452 16.695257
1096 15.721248 15.097460
1097 18.084293 19.806105
1098 16.784111 22.199917
1099 17.085066 13.583716
1100 15.275178 25.433882
1101 14.625244 13.141224
1102 16.845678 12.594924
1103 19.326532 17.672985
1104 13.509472 12.794045
1105 17.232256 13.364931
1106 9.263127 13.022771
1107 20.769732 15.833125
1108 13.288715 17.355022
1109 20.585407 18.580524
1110 16.513330 13.618855
1111 14.832611 13.463928
1112 11.316506 14.127941
1113 15.114066 14.510732
1114 13.505054 17.898285
1115 16.300026 17.761047
1116 17.425758 21.945522
1117 19.052660 15.963908
1118 12.251818 21.104279
1119 10.898927 17.752150
1120 16.735878 18.841816
1121 10.267595 12.536263
1122 14.735543 14.598900
1123 16.147923 17.114697
1124 19.747658 17.917490
1125 19.047508 13.058989
1126 16.352156 18.024160
1127 17.641571 14.680697
1128 20.822163 18.537844
1129 12.586504 18.376598
1130 17.361057 16.998024
1131 20.295900 16.366957
1132 13.237057 17.873354
1133 12.243944 24.230503
1134 14.684645 17.834946
1135 22.549097 16.771519
1136 16.225315 18.082384
1137 14.119228 23.077053
1138 14.410073 23.576992
1139 17.538324 16.355289
1140 18.241531 12.025881
1141 11.711980 12.064663
1142 15.619422 14.191682
1143 13.837983 20.336237
1144 17.669197 13.149143
1145 21.536884 15.924484
1146 19.795160 13.682209
1147 20.173431 16.170734
1148 19.102829 13.494457
1149 18.508963 10.810276
1150 18.507282 18.814623
1151 14.530814 17.979399
1152 13.459671 15.955802
1153 20.306372 23.606367
1154 14.828980 19.447849
1155 17.654011 23.738310
1156 18.766277 21.671459
1157 12.751197 18.735691
1158 17.559887 16.687494
1159 14.976624 14.509392
1160 13.517870 17.074711
1161 13.731340 22.358561
1162 10.642216 13.780461
1163 17.508329 16.766750
1164 14.916585 23.798037
1165 18.118675 14.528413
1166 15.652693 20.992924
1167 19.515755 13.252426
1168 14.607663 17.392851
1169 14.335528 16.530561
1170 17.599918 19.393892
1171 17.666883 17.551270
1172 14.899171 12.921679
1173 12.988734 15.179462
1174 16.265541 19.036642
1175 18.569048 17.300474
1176 24.189812 18.722202
1177 15.910357 19.345898
1178 17.491938 17.423151
1179 14.194619 21.570665
1180 13.939309 16.767197
1181 18.248068 17.392603
1182 16.399296 16.726135
1183 19.581625 20.253992
1184 18.009123 18.387762
1185 11.799489 16.045597
1186 14.863647 17.855188
1187 15.890941 19.840406
1188 23.455832 14.534919
1189 9.400301 15.254789
1190 13.849721 16.234177
1191 15.829205 11.749246
1192 11.792804 19.448389
1193 16.792450 20.135174
1194 16.863312 16.821270
1195 20.859798 18.123569
1196 17.436668 17.671041
1197 18.343510 15.963865
1198 11.184605 21.314341
1199 13.561080 19.426893
1200 18.379822 21.340580
1201 15.898751 11.284356
1202 19.085800 16.664145
1203 16.119261 15.096106
1204 15.129606 20.709030
1205 18.053379 15.975442
1206 15.773597 17.301884
1207 17.198774 20.492590
1208 22.565023 14.383676
1209 19.155787 11.939755
1210 15.073149 17.213837
1211 15.435903 24.785482
1212 14.970978 20.011608
1213 12.970469 13.037951
1214 20.259586 19.845686
1215 14.275319 18.236645
1216 15.958501 12.792109
1217 16.205254 25.826992
1218 9.579809 12.931708
1219 18.838509 17.131012
1220 21.364216 23.943594
1221 15.325304 11.390329
1222 8.356133 19.391708
1223 17.548126 15.644285
1224 15.965429 11.420381
1225 19.692030 15.071705
1226 16.982588 16.043140
1227 17.516283 19.498308
1228 14.073879 17.690475
1229 16.038927 15.272639
1230 23.447739 15.551476
1231 14.502826 11.972962
1232 15.934536 22.431015
1233 16.899294 20.019098
1234 11.354570 19.082048
1235 16.385548 14.358562
1236 16.029348 21.935604
1237 17.539366 24.471788
1238 14.995070 17.856588
1239 13.000978 12.735950
1240 18.548733 22.071709
1241 10.820799 20.745955
1242 13.591781 15.710334
1243 16.472734 15.341010
1244 22.838596 17.921461
1245 16.155016 18.152195
1246 16.440290 12.405145
1247 21.894306 18.745012
1248 10.890749 18.405577
1249 12.972309 27.041111
1250 17.231327 12.014309
1251 17.303564 18.253422
1252 21.775560 20.121761
1253 20.043348 14.398122
1254 19.110561 16.791639
1255 15.536209 16.512053
1256 23.252533 14.282502
1257 19.198700 17.033239
1258 19.835527 22.396582
1259 19.017309 15.446850
1260 19.078335 15.079917
1261 13.718860 13.877465
1262 16.204790 19.166029
1263 23.847914 21.524467
1264 16.557293 16.345201
1265 17.977428 15.287589
1266 19.974537 22.757067
1267 14.999928 14.623161
1268 17.432167 19.994230
1269 15.423100 18.713753
1270 15.955712 19.231676
1271 11.031814 14.091118
1272 15.663735 14.146977
1273 15.199763 16.325315
1274 19.238026 12.655288
1275 17.014090 15.784166
1276 19.699881 13.152145
1277 14.851135 20.649418
1278 20.851204 16.033936
1279 12.607811 14.218110
1280 16.074234 15.883533
1281 14.698595 17.618256
1282 19.940298 16.847839
1283 14.360186 14.585786
1284 18.434736 13.699177
1285 14.629279 17.717276
1286 21.716518 12.669954
1287 15.604573 14.219174
1288 15.002155 12.695729
1289 19.101706 20.065742
1290 14.309448 9.732058
1291 20.398367 17.685699
1292 16.028070 13.885648
1293 11.423594 15.627216
1294 16.356094 16.600859
1295 11.047684 17.896767
1296 15.127548 18.437778
1297 22.419003 11.765591
1298 16.243652 13.191135
1299 12.413670 20.225145
1300 17.139486 18.542761
1301 13.625303 22.337284
1302 19.949913 13.817187
1303 15.574473 14.362720
1304 14.437357 17.201305
1305 16.605558 19.289913
1306 12.223018 22.771296
1307 20.213884 13.310722
1308 20.899155 18.857771
1309 11.841105 10.622174
1310 19.144196 16.019979
1311 12.984015 18.722729
1312 21.722900 21.175808
1313 12.109314 15.847253
1314 22.475769 21.748789
1315 12.722529 17.226997
1316 18.466913 21.632355
1317 18.436663 18.894270
1318 18.086672 21.446947
1319 16.145508 18.770176
1320 19.289768 16.650782
1321 13.244646 18.108669
1322 19.544582 22.548193
1323 17.447216 21.368294
1324 21.256161 13.053437
1325 17.359480 23.118361
1326 20.592842 16.037933
1327 22.400908 17.270245
1328 20.199575 12.275845
1329 18.256844 16.147034
1330 18.123468 12.661683
1331 19.169495 19.542110
1332 19.894724 14.595620
1333 14.231333 15.223561
1334 15.611220 16.651493
1335 16.106703 16.338085
1336 18.446642 15.096540
1337 11.222857 10.923937
1338 15.680177 16.941898
1339 22.272963 21.794081
1340 10.828375 18.124294
1341 13.897844 18.534765
1342 12.884736 18.601521
1343 23.063890 16.611086
1344 21.523699 16.017315
1345 15.771181 19.985090
1346 17.439640 17.938938
1347 20.374905 15.313987
1348 17.401436 15.647775
1349 22.231457 15.315221
1350 20.608368 13.222885
1351 21.664965 15.118192
1352 16.777590 14.483272
1353 19.357357 12.004226
1354 17.061834 16.518978
1355 17.423382 20.746462
1356 23.270355 13.967250
1357 14.321644 13.338608
1358 14.640901 16.919813
1359 17.692268 18.371773
1360 16.300741 16.330915
1361 12.926675 15.911904
1362 12.541401 15.341224
1363 17.955935 16.552614
1364 15.015111 14.030818
1365 13.176257 22.529043
1366 20.780481 19.294563
1367 19.376526 15.875350
1368 17.316040 16.899200
1369 15.172112 14.521996
1370 11.232706 13.222148
1371 15.850143 20.964172
1372 22.048246 17.959850
1373 15.844458 14.517256
1374 20.265039 11.607380
1375 16.476120 16.978144
1376 17.097698 22.358467
1377 18.867392 17.240553
1378 12.599502 23.267429
1379 16.459612 14.144893
1380 15.829016 16.616833
1381 13.294720 20.246458
1382 21.184374 14.237824
1383 11.931215 17.839729
1384 12.753676 16.755732
1385 15.032969 19.415688
1386 19.876631 10.437390
1387 17.133667 19.485529
1388 12.092871 11.758091
1389 17.004045 19.050470
1390 16.131704 19.743950
1391 12.329451 17.304611
1392 22.033621 15.313891
1393 17.130646 17.722641
1394 19.628769 16.861864
1395 20.693027 20.541304
1396 16.382290 20.006416
1397 18.135902 13.322468
1398 17.872778 16.131359
1399 13.373034 20.498749
1400 13.078017 21.733715
1401 18.046469 13.203188
1402 11.932589 20.564871
1403 17.627956 17.080414
1404 19.805321 14.705053
1405 17.597227 17.069868
1406 19.567190 18.582251
1407 18.994711 16.481358
1408 23.355995 15.355287
1409 16.669991 14.156130
1410 11.038903 18.181549
1411 19.153564 11.312754
1412 21.524658 14.635215
1413 20.227642 21.627615
1414 15.457768 18.551588
1415 17.820427 14.538259
1416 23.331203 15.305250
1417 21.494287 13.108686
1418 12.007298 14.560730
1419 20.592787 20.578403
1420 19.583883 14.670791
1421 17.564409 17.300472
1422 21.379213 14.650247
1423 18.063093 14.824708
1424 20.824026 13.959230
1425 18.419123 21.716948
1426 18.792389 19.616570
1427 20.191380 9.310664
1428 22.824894 15.229829
1429 14.651121 19.295292
1430 18.189583 15.266841
1431 21.767334 13.563300
1432 18.338552 16.726135
1433 16.718479 13.375439
1434 15.415449 18.386782
1435 15.921990 14.675935
1436 24.615829 19.978367
1437 17.423927 13.817983
1438 18.005705 16.622318
1439 16.150728 18.367853
1440 13.788330 13.591714
1441 18.938459 15.475737
1442 19.365585 14.676044
1443 22.762421 15.352014
1444 13.381074 15.348011
1445 15.911727 14.594877
1446 10.893223 27.193857
1447 15.223700 13.133799
1448 19.701757 16.611723
1449 11.065305 13.639450
1450 17.129930 17.751095
1451 14.265157 14.262679
1452 16.264423 16.656033
1453 16.456995 15.689119
1454 19.292925 14.022624
1455 16.361410 13.282067
1456 15.678927 17.904697
1457 15.133707 19.185987
1458 11.500463 19.265188
1459 17.965834 20.645742
1460 12.681014 15.197621
1461 15.941362 17.306501
1462 15.642657 20.494148
1463 17.821630 19.613180
1464 15.347524 14.314040
1465 16.034611 18.970716
1466 15.130244 19.298018
1467 9.332634 14.850135
1468 15.154140 13.649065
1469 19.406033 13.975725
1470 17.885481 14.250462
1471 18.132055 22.110937
1472 15.504994 14.956077
1473 18.247990 15.058672
1474 20.069147 20.974012
1475 18.651039 20.233820
1476 17.817749 14.595367
1477 10.486206 14.301938
1478 19.084221 14.318261
1479 22.076641 17.412132
1480 12.746059 23.281918
1481 20.030519 12.763890
1482 17.242382 16.621964
1483 19.227730 14.869191
1484 16.160639 20.794296
1485 15.926431 14.298381
1486 12.954333 15.486792
1487 21.558254 16.675800
1488 20.495562 12.389484
1489 17.769392 17.095419
1490 21.755476 16.374451
1491 21.618813 15.230732
1492 18.802702 14.066605
1493 22.200600 12.334945
1494 20.282087 12.753379
1495 19.826637 15.836587
1496 13.793514 13.643897
1497 17.127998 10.349384
1498 13.984755 18.419415
1499 12.904241 18.220448
1500 22.438696 21.172558
1501 11.324166 19.131247
1502 18.364532 25.275343
1503 14.387997 18.660143
1504 17.758757 13.330268
1505 18.290031 16.543261
1506 17.501173 17.429806
1507 19.300737 18.031496
1508 16.888712 17.699013
1509 14.107995 18.439964
1510 16.761723 14.457595
1511 13.331518 17.477896
1512 20.239532 21.330820
1513 17.762630 17.758169
1514 13.024581 19.021393
1515 12.979035 16.253332
1516 15.081095 14.721630
1517 23.940945 16.190161
1518 22.129650 12.898860
1519 12.408096 11.533683
1520 18.143278 16.617683
1521 27.076420 16.352196
1522 15.805165 19.569891
1523 16.863533 18.207998
1524 10.027174 17.913334
1525 16.541138 16.226408
1526 16.223942 17.608179
1527 12.465480 11.695460
1528 17.228785 15.186342
1529 18.382818 12.328488
1530 14.709706 19.587141
1531 14.904162 12.465090
1532 14.592522 15.652510
1533 13.549615 14.560090
1534 13.138591 17.630615
1535 29.470951 18.149561
1536 13.220460 18.003796
1537 14.120756 19.136986
1538 21.290714 19.647575
1539 16.307821 18.198616
1540 17.540979 10.372992
1541 13.159822 22.193508
1542 14.609102 17.802315
1543 14.065637 16.089146
1544 12.666070 15.265712
1545 15.935767 12.200646
1546 15.360801 12.417642
1547 16.909248 11.106403
1548 17.096436 16.040691
1549 18.176682 19.333427
1550 17.747791 23.011187
1551 15.867194 11.156645
1552 14.758250 13.543562
1553 12.339199 12.382828
1554 14.989166 15.266125
1555 17.036373 22.826069
1556 20.707853 12.335355
1557 12.471599 13.858287
1558 18.595819 17.434605
1559 15.293999 24.120649
1560 14.546215 15.687827
1561 18.762440 11.411713
1562 15.839432 17.476175
1563 14.116989 22.936602
1564 12.448343 20.381090
1565 15.129426 18.494843
1566 16.795229 14.328310
1567 20.565430 13.525028
1568 18.055031 12.733994
1569 11.451374 15.379791
1570 11.576521 14.168392
1571 14.085820 14.461222
1572 17.541464 13.912144
1573 20.309761 9.483234
1574 12.205251 22.882343
1575 16.223976 17.258947
1576 21.118017 22.278900
1577 14.287560 13.392866
1578 16.871655 17.111315
1579 16.868744 15.089841
1580 16.458435 22.580105
1581 17.054441 21.248381
1582 16.039143 16.380398
1583 14.982859 14.318371
1584 14.688918 15.900539
1585 16.016281 14.527854
1586 13.723721 21.408438
1587 12.637595 15.188943
1588 12.948253 16.547873
1589 19.170740 15.035027
1590 18.302759 14.895769
1591 15.632407 15.993876
1592 13.752839 19.443459
1593 12.233456 13.689182
1594 21.004135 17.670851
1595 15.785658 16.790222
1596 14.287961 14.731936
1597 21.702021 15.684742
1598 13.312275 23.831455
1599 9.953147 19.314608
1600 14.146045 20.163183
1601 19.699999 13.552319
1602 14.594009 15.959914
1603 17.736403 18.250690
1604 17.306618 22.094938
1605 18.707857 20.639633
1606 15.476455 14.297953
1607 14.915996 15.542962
1608 19.921274 16.252771
1609 23.165014 18.939949
1610 15.891018 19.956417
1611 14.204112 14.627738
1612 14.675958 19.254873
1613 21.615526 20.914284
1614 14.193391 15.054004
1615 19.480696 15.538771
1616 13.507408 18.455933
1617 15.970210 23.406067
1618 17.307659 15.222521
1619 18.976740 12.492420
1620 22.610531 16.464630
1621 11.862784 14.630978
1622 16.319387 16.820293
1623 14.756135 11.629686
1624 16.086712 21.400917
1625 18.931486 17.874914
1626 19.602335 20.252781
1627 14.034829 17.191328
1628 16.224913 14.737275
1629 9.563782 14.621628
1630 19.240341 22.434862
1631 18.988434 20.947931
1632 13.596411 18.818979
1633 22.245493 20.305773
1634 16.783318 11.296448
1635 18.543344 13.356396
1636 15.384289 15.592666
1637 13.739298 13.537617
1638 14.774399 17.026823
1639 23.351269 18.028181
1640 14.303972 10.359593
1641 13.063259 15.609833
1642 18.049709 19.710510
1643 19.689646 19.697620
1644 15.965831 14.841998
1645 18.893463 17.829260
1646 13.440439 10.558201
1647 17.450933 14.976336
1648 17.346233 13.673841
1649 18.490971 23.413412
1650 18.002897 20.720524
1651 13.936080 15.637966
1652 21.019760 13.814526
1653 16.094870 14.515098
1654 19.966726 15.465633
1655 18.222647 19.352203
1656 13.563087 16.363111
1657 21.657993 19.098764
1658 14.259284 14.739455
1659 14.638127 18.538530
1660 12.979677 13.095243
1661 14.132236 14.478243
1662 10.841611 17.794374
1663 20.396681 19.162619
1664 14.080767 19.510141
1665 12.792109 13.498786
1666 15.167038 12.317197
1667 18.653786 21.944590
1668 15.222221 17.186686
1669 21.925165 13.030632
1670 14.766881 14.749422
1671 18.526745 15.016580
1672 19.277870 15.467757
1673 17.360813 18.021458
1674 21.638046 18.577553
1675 17.230404 17.727375
1676 18.421421 18.714939
1677 11.856915 18.467567
1678 19.909576 16.863565
1679 16.606213 13.160804
1680 12.471900 15.968376
1681 14.848866 20.975800
1682 16.511948 19.265022
1683 12.785823 14.043657
1684 19.465755 14.687689
1685 17.884300 17.727919
1686 16.730877 11.271291
1687 22.988651 16.933054
1688 23.992197 24.540331
1689 22.057011 22.350044
1690 17.809408 18.397797
1691 15.465376 20.537594
1692 9.990842 10.240968
1693 15.733562 13.391430
1694 19.817244 17.633604
1695 18.307737 15.092656
1696 21.424057 12.109480
1697 15.582358 15.476301
1698 17.749279 20.968182
1699 18.111177 15.006689
1700 19.234570 25.226610
1701 19.137039 18.757298
1702 14.696965 11.487586
1703 13.135151 12.510037
1704 16.970774 17.754454
1705 10.805288 16.947712
1706 20.892725 10.311688
1707 22.687256 18.910286
1708 14.165254 13.033054
1709 12.390080 18.528412
1710 18.780674 21.208384
1711 17.543064 17.465168
1712 15.452469 16.117510
1713 14.360009 19.347996
1714 16.794621 13.539141
1715 19.269329 19.970978
1716 16.521000 17.182451
1717 20.319950 19.185356
1718 16.128633 19.962824
1719 18.383102 25.187666
1720 15.905136 15.349706
1721 12.471146 16.914505
1722 18.631306 13.225856
1723 14.703711 18.830238
1724 17.597878 17.629753
1725 17.174334 10.782947
1726 17.553389 16.956938
1727 18.469923 15.218923
1728 15.018337 11.802316
1729 18.824265 16.574057
1730 20.254702 22.373545
1731 16.630453 20.676609
1732 22.349892 15.877683
1733 17.346998 18.481981
1734 17.992374 15.906789
1735 14.393451 15.783107
1736 16.987492 13.105395
1737 18.684034 12.208531
1738 16.240553 17.796822
1739 15.592204 17.685661
1740 22.317394 13.511237
1741 12.277461 14.084923
1742 20.232344 11.633830
1743 14.788771 17.109472
1744 17.843073 17.002205
1745 13.713161 14.351516
1746 7.644269 16.562437
1747 12.977162 13.929959
1748 19.330418 21.424887
1749 17.413477 20.355904
1750 15.852657 16.193014
1751 17.910812 16.399258
1752 21.070734 23.687904
1753 14.749381 17.270098
1754 16.847406 20.327080
1755 18.341059 17.530207
1756 14.017427 16.236115
1757 17.917717 14.934650
1758 21.566498 17.746572
1759 19.795654 15.337497
1760 21.965437 21.091610
1761 21.758278 15.798063
1762 15.865790 28.114285
1763 15.525753 13.757434
1764 13.661098 17.922054
1765 8.928411 13.992537
1766 15.171581 11.921056
1767 18.589863 17.012083
1768 18.398521 16.240608
1769 14.778330 19.104387
1770 15.746116 10.974130
1771 15.329761 15.825084
1772 18.494850 18.410469
1773 12.081848 16.163939
1774 20.674730 17.519190
1775 20.069513 27.245642
1776 17.688274 13.176188
1777 26.997885 17.047171
1778 16.792576 12.078349
1779 17.199532 11.853517
1780 15.640735 22.964197
1781 16.815855 14.576928
1782 16.460445 19.176678
1783 16.224018 17.234629
1784 13.727351 12.430071
1785 20.193708 16.718620
1786 13.831116 10.534826
1787 17.170446 11.582701
1788 15.927058 12.354033
1789 20.712646 16.468569
1790 10.228714 19.116753
1791 12.086726 20.507397
1792 12.667262 18.327406
1793 10.527070 14.991185
1794 19.358446 16.405020
1795 11.166791 21.234648
1796 17.258701 18.628506
1797 16.614374 16.125906
1798 18.188093 15.302119
1799 12.562761 12.124407
1800 17.324883 12.508924
1801 14.083941 8.461353
1802 13.224790 13.495390
1803 13.572178 9.665309
1804 18.716244 15.153293
1805 18.160500 14.399633
1806 15.835876 19.745230
1807 17.538958 10.784560
1808 19.684181 16.418365
1809 18.446449 14.500874
1810 12.536901 21.057446
1811 17.741385 17.008427
1812 14.355949 18.176287
1813 11.867335 18.360420
1814 19.035461 16.808210
1815 18.955074 10.258413
1816 14.953454 13.780855
1817 18.851347 14.266505
1818 18.842554 16.681517
1819 16.402020 23.242886
1820 27.548122 15.470448
1821 23.911224 14.345059
1822 16.015957 11.128318
1823 15.580363 14.510359
1824 21.375771 19.210600
1825 15.206770 16.668821
1826 16.265442 11.215940
1827 24.109814 12.883943
1828 16.366394 8.730457
1829 17.125002 18.196096
1830 16.008759 14.915873
1831 17.737440 15.215089
1832 14.437998 22.114933
1833 19.375120 18.060516
1834 18.441607 14.677268
1835 20.384329 15.500854
1836 13.877565 19.316406
1837 15.743018 19.433950
1838 19.491510 22.080437
1839 15.129635 20.060200
1840 10.810659 20.134291
1841 14.557069 16.861481
1842 12.703135 22.086330
1843 15.462592 16.644156
1844 17.123772 13.175515
1845 15.011086 11.713058
1846 13.882996 23.841455
1847 14.601602 16.680832
1848 14.924862 22.621994
1849 13.147646 15.986172
1850 14.562911 15.616596
1851 16.888783 13.138642
1852 20.690485 11.491230
1853 14.615405 12.474196
1854 23.294338 21.836823
1855 24.892963 14.403698
1856 17.601645 17.844425
1857 12.967494 15.734024
1858 13.582554 12.545796
1859 14.480320 19.465099
1860 14.272383 16.402517
1861 19.924709 18.203485
1862 14.489250 15.440942
1863 15.326616 19.859936
1864 13.775738 14.752831
1865 14.319942 16.229893
1866 19.163279 15.099187
1867 10.195616 19.691036
1868 20.391613 17.245491
1869 17.800444 16.851362
1870 16.706923 13.766306
1871 14.295813 16.131630
1872 19.592106 21.118391
1873 15.543835 13.008471
1874 10.434265 16.243856
1875 15.014382 13.740660
1876 24.225780 18.627018
1877 17.340797 15.623836
1878 14.413731 14.532077
1879 14.225462 17.256796
1880 18.245827 13.566311
1881 11.190876 18.534819
1882 8.420175 15.283151
1883 16.516867 15.810689
1884 16.382715 15.299674
1885 10.669538 16.548727
1886 15.384684 10.033107
1887 14.973564 18.090637
1888 20.934862 14.606207
1889 12.909081 16.471369
1890 15.101176 15.411160
1891 17.253927 10.429737
1892 20.916460 12.168930
1893 13.821203 11.830956
1894 19.215773 15.390880
1895 20.630701 15.567317
1896 12.585464 12.171897
1897 12.914849 19.868788
1898 17.755972 11.728422
1899 17.418253 14.714775
1900 14.355279 18.602503
1901 25.545000 20.165405
1902 15.356699 9.091333
1903 16.779306 21.138645
1904 12.809999 14.890373
1905 16.274448 11.924750
1906 17.760002 18.241779
1907 10.704158 16.058556
1908 11.532349 19.424078
1909 19.471167 16.683226
1910 12.529497 17.630772
1911 15.302763 12.202133
1912 12.022576 15.400951
1913 16.723505 17.196344
1914 10.279162 14.634522
1915 16.297598 22.266483
1916 11.803955 15.664824
1917 14.906252 12.312514
1918 12.527270 11.496700
1919 20.256239 15.000058
1920 18.676710 12.709959
1921 13.638894 23.857388
1922 14.696030 14.196019
1923 15.278759 19.947626
1924 13.767591 19.459482
1925 17.434111 17.789825
1926 11.805770 18.567165
1927 11.543379 12.046374
1928 15.131820 13.781836
1929 17.163445 9.728584
1930 13.112597 16.528130
1931 13.551682 15.093115
1932 14.029162 14.254445
1933 15.930068 14.698768
1934 22.290775 15.046679
1935 19.587511 17.051332
1936 19.406181 17.228930
1937 12.288731 17.683836
1938 20.695295 17.363935
1939 15.569145 15.249735
1940 14.700780 16.798368
1941 17.672771 16.443293
1942 10.457895 14.526932
1943 21.390436 17.179390
1944 12.953269 18.182394
1945 15.843101 16.210775
1946 12.136204 15.647624
1947 12.674659 17.073330
1948 15.401356 10.250326
1949 16.517721 19.070026
1950 13.762357 14.564709
1951 17.230278 18.445410
1952 15.244719 12.895334
1953 14.511863 10.025044
1954 15.958074 22.291435
1955 17.530787 17.461514
1956 15.230861 16.756781
1957 22.033695 12.532066
1958 15.547878 13.966702
1959 11.814598 23.073130
1960 19.142956 12.303303
1961 20.351177 22.168692
1962 22.768494 15.713990
1963 16.003153 14.471020
1964 12.301802 17.864187
1965 14.484564 16.836235
1966 18.207630 18.894484
1967 14.107522 9.616796
1968 19.726851 16.428053
1969 20.073097 11.840987
1970 15.388022 21.447832
1971 19.000601 20.138403
1972 14.276155 13.005376
1973 15.476610 14.377750
1974 16.814943 12.735518
1975 16.028355 13.428434
1976 10.699012 13.806852
1977 17.168901 15.106716
1978 14.628323 22.440319
1979 12.473989 17.446354
1980 11.621406 14.148668
1981 12.931337 14.143033
1982 13.840817 17.102598
1983 13.624763 13.353604
1984 12.186302 13.777106
1985 14.104694 15.106265
1986 15.026521 16.307547
1987 18.627928 19.472816
1988 10.128703 12.289107
1989 11.256716 16.056789
1990 20.648922 23.943918
1991 16.494104 15.400439
1992 15.119324 19.483646
1993 15.638650 15.275314
1994 18.071075 17.222708
1995 11.141405 12.193019
1996 17.005934 14.805740
1997 11.915503 15.897494
1998 21.545664 19.802164
1999 25.002594 12.880339
2000 16.179564 11.480779
2001 16.402206 15.819189
2002 18.225468 15.129135
2003 20.608076 20.029924
2004 18.954174 17.752048
2005 14.553617 12.927402
2006 25.295389 13.448222
2007 18.911503 14.003839
2008 20.969833 14.441672
2009 17.144495 14.029089
2010 11.901025 13.604094
2011 19.093744 19.472952
2012 13.883310 17.939138
2013 15.788254 17.276487
2014 18.417089 10.333671
2015 12.512818 13.072946
2016 18.577675 25.649538
2017 18.442007 22.804052
2018 16.127840 20.251879
2019 16.097538 13.853215
2020 14.116939 12.918171
2021 13.324794 16.299700
2022 19.913866 11.751980
2023 12.993220 14.653039
2024 16.728771 14.726501
2025 21.018686 12.883018
2026 13.779697 13.790924
2027 16.615917 17.171432
2028 21.623959 15.939939
2029 11.745750 21.737226
2030 22.165659 12.069302
2031 20.797695 15.289392
2032 19.325190 14.328291
2033 14.489605 14.287333
2034 18.270617 21.209219
2035 15.650889 20.589098
2036 15.825527 19.318417
2037 19.028278 15.892229
2038 14.445483 19.814356
2039 16.399855 19.140888
2040 19.857941 15.511351
2041 19.581245 19.723951
2042 15.212991 16.034130
2043 13.461147 20.349123
2044 15.032376 13.894592
2045 19.497089 15.957121
2046 19.481976 21.613485
2047 16.670229 17.322889
2048 11.062132 18.337708
2049 19.242506 16.076267
2050 13.978896 18.412146
2051 13.085503 14.235644
2052 17.595541 15.413366
2053 14.434725 14.389500
2054 12.865910 10.594854
2055 15.329909 11.812654
2056 18.721018 15.606765
2057 18.272886 17.507837
2058 16.060722 15.731792
2059 11.350186 10.934408
2060 17.257256 14.310514
2061 14.205719 12.892188
2062 12.244705 15.683594
2063 15.635024 13.345570
2064 12.804549 13.820538
2065 18.624743 11.975701
2066 16.529707 19.350554
2067 18.889029 14.921093
2068 12.877308 19.363508
2069 12.464872 19.433126
2070 14.404805 18.360058
2071 13.582774 16.548010
2072 9.841203 22.314388
2073 15.293982 14.932988
2074 14.608269 15.195460
2075 19.332354 16.186781
2076 20.159653 12.927230
2077 15.976177 15.319003
2078 17.955238 16.603580
2079 19.787184 12.054055
2080 14.295019 12.587002
2081 18.057415 11.770345
2082 10.057347 16.677546
2083 15.051716 15.952812
2084 14.329749 21.593086
2085 14.941340 15.129717
2086 14.398568 23.100004
2087 17.031036 22.714096
2088 20.114470 11.829931
2089 14.925727 17.431461
2090 22.308142 19.571745
2091 23.136240 10.114926
2092 14.696098 15.731777
2093 21.410662 23.298794
2094 10.885354 18.909126
2095 19.311029 17.840811
2096 15.399363 15.483042
2097 16.020380 15.256994
2098 12.212029 19.451656
2099 20.639126 19.647388
2100 30.830379 17.830181
2101 18.322922 18.946938
2102 16.338890 13.686135
2103 18.790596 15.519194
2104 11.791502 17.297720
2105 14.992673 15.695954
2106 15.834384 14.717634
2107 21.058283 23.631115
2108 15.131440 17.479050
2109 17.440155 18.365072
2110 16.925497 18.393944
2111 15.611928 21.329716
2112 13.113339 18.149950
2113 16.628548 17.076532
2114 21.791006 11.885625
2115 17.094656 16.321173
2116 18.847420 14.643008
2117 19.533749 20.868950
2118 14.915503 19.142378
2119 16.209009 15.403335
2120 19.386702 13.074298
2121 14.648385 15.129656
2122 16.670744 17.888910
2123 16.252693 15.440070
2124 14.950176 17.075817
2125 16.681730 12.511509
2126 15.153215 17.649487
2127 18.395588 16.042889
2128 15.585040 15.791227
2129 11.009920 18.469578
2130 10.511471 17.185371
2131 13.704834 14.756219
2132 20.427500 17.349167
2133 17.232113 11.293432
2134 16.643738 19.035809
2135 17.756756 14.477822
2136 12.165830 12.685656
2137 15.298450 17.530149
2138 16.685873 17.456808
2139 20.220520 15.652233
2140 17.937925 15.672755
2141 19.808498 16.845873
2142 17.064978 15.325716
2143 22.250004 16.659719
2144 12.787125 20.215462
2145 15.281771 17.169390
2146 17.060057 12.819359
2147 16.090746 12.141787
2148 22.252216 12.472783
2149 18.060793 18.428864
2150 15.118354 16.164946
2151 11.677290 10.146875
2152 22.060883 16.430843
2153 15.461947 17.242111
2154 14.067497 16.782526
2155 19.040842 19.666670
2156 18.544027 15.744516
2157 16.305689 18.826853
2158 15.725414 17.410351
2159 20.884350 20.918188
2160 16.082245 11.774852
2161 16.033842 16.416899
2162 17.253643 17.688255
2163 17.633492 12.177282
2164 11.603821 15.750410
2165 18.137377 19.914511
2166 13.649050 20.905952
2167 14.425137 13.877648
2168 16.791302 18.292667
2169 13.279782 14.802800
2170 13.611274 17.419022
2171 14.663650 11.541099
2172 17.484299 13.506575
2173 10.825397 16.337767
2174 13.364624 23.245060
2175 19.791565 14.669647
2176 17.851685 15.647780
2177 18.948633 14.400334
2178 14.557196 18.458912
2179 19.753132 16.501753
2180 17.205410 11.564759
2181 16.601505 18.229368
2182 11.181934 18.190321
2183 20.468191 20.085091
2184 12.356441 13.159224
2185 13.675507 10.623466
2186 13.193769 15.414128
2187 21.485285 18.489004
2188 11.175594 11.879907
2189 23.481825 10.827676
2190 16.840719 12.986980
2191 14.532660 11.244736
2192 15.135864 9.823318
2193 20.605890 13.785795
2194 11.415451 12.436481
2195 10.123955 18.403444
2196 13.738220 18.127008
2197 14.818157 13.935909
2198 12.833911 17.247122
2199 16.218191 15.398638
2200 15.891545 23.304224
2201 16.562740 12.971715
2202 13.349109 17.327740
2203 17.121508 11.051956
2204 20.209164 16.997383
2205 10.449141 18.037664
2206 20.588964 15.200710
2207 16.330645 18.588800
2208 15.175771 15.519806
2209 17.314190 19.982800
2210 15.461400 17.528894
2211 12.195835 15.949548
2212 12.496548 17.258278
2213 17.939262 18.624817
2214 18.722466 11.255716
2215 15.745034 10.036063
2216 12.992869 16.363829
2217 20.430508 23.480534
2218 17.744278 14.536510
2219 13.183982 12.418464
2220 16.546892 18.186646
2221 16.837576 18.809330
2222 15.894602 14.757011
2223 18.949627 13.644077
2224 12.658896 15.011440
2225 15.016734 13.771291
2226 12.634840 15.437502
2227 20.718657 11.460899
2228 15.953888 14.205525
2229 18.436268 20.229715
2230 16.297771 13.515893
2231 14.021946 16.618820
2232 20.189827 8.943132
2233 13.133495 19.212702
2234 10.830589 10.977390
2235 10.657109 12.300468
2236 17.386509 13.366655
2237 16.341566 12.769149
2238 15.599923 15.673310
2239 23.226889 20.356483
2240 9.065396 17.465767
2241 16.241917 13.354726
2242 15.547989 18.729563
2243 18.130911 10.628677
2244 15.840050 14.676353
2245 17.331364 15.461575
2246 11.953108 18.947380
2247 16.577848 14.486604
2248 23.396065 13.521817
2249 19.931723 15.863654
2250 10.750828 13.161260
2251 14.203648 15.779704
2252 17.246132 11.596335
2253 15.950263 13.812453
2254 15.726315 21.660131
2255 18.175623 21.514252
2256 18.805857 19.025330
2257 14.191245 12.398961
2258 12.065043 16.221897
2259 15.597239 16.009506
2260 17.599758 16.488127
2261 9.125260 17.724806
2262 12.325365 11.555869
2263 15.005977 13.721098
2264 19.651110 9.262793
2265 15.289885 13.780029
2266 18.006126 22.165581
2267 10.700041 15.593777
2268 21.215342 15.781543
2269 19.458378 15.937176
2270 12.431165 16.644762
2271 25.340366 13.828725
2272 11.512618 15.041643
2273 17.378113 13.704016
2274 9.254166 17.167871
2275 18.896214 10.213594
2276 23.322573 17.670343
2277 20.679874 19.799212
2278 20.048130 13.240152
2279 14.402144 14.540133
2280 24.474857 14.597612
2281 18.648811 21.261021
2282 18.728018 18.907990
2283 9.281857 17.953762
2284 15.890879 17.655643
2285 17.190231 14.071967
2286 21.664829 20.180285
2287 11.438251 11.159495
2288 14.940937 16.687412
2289 14.360663 16.422850
2290 18.539057 20.390282
2291 16.221106 14.861340
2292 13.979631 21.373745
2293 13.385079 13.185536
2294 14.470163 11.348166
2295 15.456251 14.375493
2296 15.823685 11.289025
2297 19.835531 16.753410
2298 16.237772 17.130831
2299 15.346303 23.160698
2300 11.819285 16.889080
2301 14.129387 18.441059
2302 18.205387 15.452162
2303 18.361135 16.766203
2304 19.247534 15.793750
2305 15.631797 12.423861
2306 16.656658 14.425386
2307 14.842525 15.786827
2308 17.493185 17.068171
2309 16.195568 14.624523
2310 13.580073 17.572758
2311 16.081190 18.582306
2312 17.137348 11.717517
2313 23.526680 18.208801
2314 13.120357 16.848785
2315 19.094631 15.790346
2316 15.652781 22.444071
2317 16.428841 13.153274
2318 18.157511 19.617844
2319 15.585315 17.901243
2320 13.983935 14.588416
2321 12.193530 12.760912
2322 16.692305 16.865068
2323 12.486799 9.831661
2324 15.634724 16.348396
2325 18.207897 24.520807
2326 19.405535 19.585060
2327 11.328580 12.210726
2328 19.465023 14.034852
2329 14.742848 13.089005
2330 14.269389 19.597443
2331 10.045948 12.445178
2332 14.314213 18.700581
2333 21.398996 12.375178
2334 17.468622 10.662899
2335 19.246672 15.108710
2336 11.336946 23.023716
2337 24.156694 13.370846
2338 20.613441 18.637966
2339 16.484175 13.012717
2340 13.685993 14.672420
2341 11.565466 12.362294
2342 15.748736 14.470422
2343 16.946825 20.602383
2344 15.244119 13.119427
2345 9.490100 15.448369
2346 14.911477 15.789966
2347 21.362509 14.951714
2348 13.251575 16.900452
2349 17.628819 19.326197
2350 18.193066 12.472692
2351 18.272768 13.407625
2352 15.488040 12.115078
2353 15.432371 11.902349
2354 13.294143 15.312201
2355 20.277592 23.254974
2356 16.548187 13.938915
2357 11.421662 18.540419
2358 15.163569 11.449477
2359 15.328875 14.781016
2360 18.958815 15.310278
2361 14.991765 16.878548
2362 21.173418 12.278470
2363 15.385835 17.971849
2364 15.280561 13.094366
2365 15.644780 15.249349
2366 17.862225 13.461596
2367 14.639318 13.708994
2368 23.628630 9.910404
2369 11.504964 16.245968
2370 11.961088 21.367352
2371 19.093115 19.366354
2372 13.464962 18.952255
2373 17.171104 21.994257
2374 16.517391 9.451914
2375 9.432114 17.010752
2376 13.908042 12.896720
2377 13.517303 21.547018
2378 13.660354 11.329854
2379 11.825974 20.036938
2380 14.685347 18.275921
2381 13.290869 13.081050
2382 12.454188 12.650718
2383 14.259153 19.859850
2384 18.077681 17.082548
2385 16.608940 12.797003
2386 13.556294 13.641761
2387 16.466516 19.701017
2388 13.240606 16.759758
2389 15.120781 18.044193
2390 24.083385 19.178635
2391 18.942591 19.038704
2392 13.866267 17.476395
2393 14.406971 13.310007
2394 12.592548 14.056938
2395 12.793186 16.816114
2396 13.430984 12.755317
2397 14.404433 17.502964
2398 15.145082 13.753542
2399 12.521903 16.976501
2400 16.990225 11.460883
2401 12.160707 16.187687
2402 18.491613 12.159411
2403 16.386707 13.319573
2404 14.902790 18.168074
2405 15.040010 19.201033
2406 15.567315 24.076698
2407 17.224756 11.200371
2408 15.816031 16.239262
2409 21.341871 9.613700
2410 18.070185 21.048897
2411 14.946840 16.403023
2412 15.806437 14.430461
2413 20.479286 19.856228
2414 16.106514 14.060678
2415 11.511567 13.929952
2416 13.525569 17.811653
2417 20.274067 20.750240
2418 13.647375 17.175789
2419 18.786961 14.023294
2420 16.036631 20.417843
2421 21.129284 15.032330
2422 18.819736 16.532936
2423 14.830197 20.537668
2424 15.700956 13.663754
2425 12.451652 16.291878
2426 18.546232 11.912996
2427 15.662665 15.647544
2428 16.697460 16.038891
2429 11.517589 16.260380
2430 11.046166 16.740150
2431 13.908702 13.882194
2432 14.513101 17.381500
2433 12.347691 17.542412
2434 10.937451 22.271938
2435 13.767931 15.090168
2436 16.008354 18.767572
2437 20.805122 18.154652
2438 16.800810 17.359789
2439 16.306684 18.679543
2440 13.641743 16.108578
2441 15.227724 19.029627
2442 15.255429 17.155140
2443 17.878279 14.060908
2444 17.600080 16.436872
2445 16.003962 12.406335
2446 17.176359 12.016137
2447 15.397593 16.490612
2448 15.947898 11.647831
2449 23.899744 13.710636
2450 19.139294 16.726500
2451 19.489975 19.461748
2452 15.133940 10.991462
2453 14.154388 12.643835
2454 22.488977 12.348378
2455 15.762181 15.175749
2456 17.955912 19.851061
2457 11.568151 15.415279
2458 12.159312 12.139775
2459 14.048146 18.278652
2460 18.005512 14.135495
2461 14.518538 12.162733
2462 21.323799 18.031355
2463 12.515082 21.156424
2464 15.061406 19.028965
2465 16.234087 11.152066
2466 14.011307 11.162715
2467 16.151045 15.048132
2468 17.064135 15.078844
2469 14.540401 14.565768
2470 18.000631 18.366598
2471 16.374834 20.296867
2472 15.393171 19.252062
2473 15.357908 17.986847
2474 12.176275 15.217629
2475 17.360577 9.394966
2476 14.975840 13.919910
2477 16.095320 19.778711
2478 18.094128 12.299203
2479 22.608223 15.896047
2480 23.184872 21.101166
2481 15.128359 19.503893
2482 15.388629 22.308752
2483 21.897980 13.321548
2484 17.122862 22.925907
2485 17.010855 14.598264
2486 13.218804 23.381086
2487 19.070896 14.201311
2488 16.010838 20.103329
2489 16.215622 14.245494
2490 13.216743 11.655991
2491 19.840673 22.222075
2492 12.899448 13.348389
2493 15.670223 16.773455
2494 19.411137 18.277891
2495 15.919222 16.626167
2496 18.991314 13.576987
2497 18.522924 13.771602
2498 17.930351 16.370190
2499 8.208629 19.635084
2500 13.190075 14.513960
2501 15.476390 15.278832
2502 14.717115 15.716607
2503 11.799348 10.082232
2504 17.737213 13.589746
2505 15.191891 7.152261
2506 14.691113 10.987288
2507 15.938422 20.337641
2508 11.045730 15.113710
2509 18.319380 19.388594
2510 11.059381 19.588108
2511 12.484124 16.355299
2512 18.669504 13.732883
2513 13.367956 17.030685
2514 16.736858 18.717716
2515 18.367380 15.106643
2516 19.904678 15.691416
2517 18.891565 12.379987
2518 11.322549 19.746799
2519 13.826862 14.031617
2520 11.836238 19.953083
2521 22.129843 16.873081
2522 15.566394 22.673832
2523 21.486044 23.444851
2524 15.641521 16.260603
2525 10.693857 17.362003
2526 20.405226 10.603537
2527 17.182226 17.062136
2528 18.224346 16.097509
2529 20.015751 15.428193
2530 19.019295 19.073559
2531 14.202704 15.735070
2532 10.344011 14.259209
2533 18.982880 14.952487
2534 13.751582 17.287336
2535 14.300843 13.821413
2536 18.181309 23.508095
2537 13.994390 14.277170
2538 21.784302 14.605859
2539 12.196862 16.178017
2540 14.774171 19.096945
2541 13.491867 17.036390
2542 21.764761 14.359826
2543 16.104475 15.168730
2544 18.058474 14.171583
2545 21.583534 11.677116
2546 19.088406 14.848275
2547 14.860492 18.498962
2548 17.880413 12.995936
2549 9.212882 14.795905
2550 14.018350 20.640785
2551 18.789192 14.322939
2552 17.051533 10.730808
2553 19.023476 9.780053
2554 12.978875 14.381226
2555 14.080249 19.350782
2556 10.377275 13.233099
2557 14.584805 17.228682
2558 15.883956 16.326437
2559 13.853958 16.414982
2560 14.290543 16.542631
2561 20.024466 19.593349
2562 11.889258 17.835352
2563 13.432756 20.107769
2564 9.081120 11.766397
2565 19.981447 14.131280
2566 16.114710 14.884200
2567 15.241771 10.580745
2568 16.113823 15.957685
2569 12.915524 19.445692
2570 23.766054 18.045778
2571 17.748373 10.935006
2572 19.989998 22.281776
2573 15.566284 15.420014
2574 16.042807 16.198111
2575 13.120078 20.261015
2576 14.488644 14.910662
2577 18.515993 13.671340
2578 15.518361 10.329397
2579 16.151474 16.869993
2580 18.783779 17.150246
2581 16.447670 12.052146
2582 18.075165 13.464359
2583 23.372898 16.147430
2584 18.924089 15.079631
2585 12.221259 17.185297
2586 23.303244 17.956852
2587 14.046429 19.362848
2588 15.311502 11.185456
2589 20.838470 14.965321
2590 18.113270 15.766410
2591 10.687922 16.936308
2592 16.154577 13.597661
2593 19.899590 14.746497
2594 19.501835 11.479529
2595 18.381790 11.715634
2596 16.291162 18.552311
2597 15.150704 11.450592
2598 21.322500 14.345683
2599 17.990717 15.404097
2600 19.093369 13.710202
2601 18.216003 17.091303
2602 20.778399 15.973203
2603 12.589523 13.478935
2604 11.296283 15.871770
2605 17.775278 14.945471
2606 11.554783 20.011299
2607 18.951874 16.924517
2608 12.000859 13.671296
2609 12.623086 12.825801
2610 16.947540 15.627085
2611 16.880283 17.436989
2612 15.799744 18.118975
2613 24.840160 17.594221
2614 11.490319 12.101597
2615 13.180928 16.128351
2616 11.606267 22.424665
2617 20.414627 14.514750
2618 16.775135 13.057770
2619 8.404756 14.884680
2620 13.155410 14.249674
2621 16.122290 16.206982
2622 18.107443 18.028376
2623 12.958549 12.855750
2624 16.542116 20.719126
2625 15.279361 11.874224
2626 13.996580 15.285383
2627 16.089733 15.638127
2628 14.958745 22.572653
2629 11.871660 11.280066
2630 12.461256 12.461877
2631 23.448378 12.252721
2632 16.884949 17.266487
2633 8.311150 15.593318
2634 13.698553 10.229154
2635 15.815953 13.243630
2636 22.786076 13.312534
2637 13.060658 18.406675
2638 12.195372 12.507996
2639 14.323993 13.938631
2640 17.991058 20.192282
2641 16.950964 17.778345
2642 16.505568 14.034690
2643 11.922625 15.186049
2644 13.995784 13.539208
2645 17.143753 13.315571
2646 15.222514 17.074545
2647 16.172594 16.527079
2648 16.669502 17.632647
2649 19.716179 15.709160
2650 18.645264 13.454333
2651 22.812450 17.437817
2652 17.966995 22.608755
2653 15.568727 18.357660
2654 12.476406 19.779465
2655 15.509766 17.584150
2656 8.177907 10.483763
2657 14.740906 20.257111
2658 17.109917 15.491519
2659 14.297727 19.173008
2660 19.362549 14.164256
2661 13.135962 18.698547
2662 16.081245 16.733786
2663 13.643165 22.492579
2664 19.677732 13.579400
2665 12.629590 16.604284
2666 14.687183 15.074265
2667 18.417328 21.236155
2668 15.101915 21.005514
2669 10.789957 13.195097
2670 18.973959 16.391142
2671 17.173498 15.544928
2672 10.704747 17.179579
2673 15.056347 16.823416
2674 14.495625 13.174697
2675 12.706967 10.041394
2676 9.298934 18.300165
2677 21.354916 15.510897
2678 14.635886 23.816328
2679 15.495303 18.212292
2680 19.156599 15.484056
2681 18.099186 12.974400
2682 18.983269 11.003603
2683 15.728906 17.223131
2684 13.178207 10.165953
2685 14.634304 15.873030
2686 16.618620 18.449488
2687 15.303877 13.056636
2688 18.725939 24.967480
2689 19.584633 14.313768
2690 14.724401 18.451969
2691 19.110193 12.786316
2692 17.281549 18.698671
2693 13.018797 16.820925
2694 19.872704 15.370048
2695 17.750839 13.723083
2696 12.438591 20.918789
2697 14.304211 14.678843
2698 15.475743 19.295822
2699 18.333662 13.911665
2700 16.054029 19.427450
2701 11.477544 20.268118
2702 10.297402 18.157673
2703 15.570151 12.885002
2704 13.827668 18.041985
2705 17.585321 15.330852
2706 13.548318 12.620531
2707 11.508950 19.561966
2708 15.880124 16.906916
2709 12.509969 9.253535
2710 18.094736 19.872864
2711 11.738164 18.348955
2712 12.636575 9.985877
2713 15.730083 26.265438
2714 15.234365 18.426035
2715 13.118120 15.931664
2716 15.605056 19.095623
2717 19.330956 12.755475
2718 13.855876 22.308857
2719 14.418608 16.284492
2720 15.612050 13.813557
2721 10.575660 11.788396
2722 14.385234 12.890354
2723 18.021217 13.092667
2724 15.861800 13.838144
2725 21.057426 17.871304
2726 16.923389 10.116380
2727 12.660105 15.104004
2728 15.683644 17.331692
2729 22.871105 14.850693
2730 17.429235 17.164465
2731 16.729534 12.647898
2732 22.549196 9.996926
2733 20.342737 17.343470
2734 11.913013 14.347541
2735 10.284790 15.695097
2736 15.761457 20.713486
2737 14.250359 20.368303
2738 17.233715 17.574083
2739 12.865642 20.466196
2740 16.708221 9.790475
2741 10.170066 19.585192
2742 19.418209 15.413647
2743 16.499315 17.737932
2744 18.809784 11.080050
2745 11.655051 20.321802
2746 11.669359 16.367605
2747 15.144521 22.148115
2748 16.653955 16.503010
2749 12.963674 14.631799
2750 13.599644 11.903788
2751 11.667722 15.514326
2752 15.219783 24.238111
2753 18.160870 9.376014
2754 18.502085 19.076660
2755 14.773753 11.056088
2756 13.952305 14.402925
2757 14.868132 18.567236
2758 16.700535 9.281926
2759 21.139860 14.029848
2760 18.479652 16.564671
2761 12.254025 13.715146
2762 10.885168 16.494524
2763 12.228012 18.011824
2764 13.776692 16.656019
2765 22.327051 12.891658
2766 21.913204 18.280169
2767 12.879918 19.955641
2768 11.501679 15.447289
2769 10.753025 17.123762
2770 13.522950 21.854439
2771 14.950414 11.621296
2772 20.971466 15.997827
2773 16.922546 18.786190
2774 16.395733 15.494656
2775 13.170242 9.946681
2776 16.361235 13.590468
2777 12.414014 19.528347
2778 13.235308 15.753230
2779 17.380222 15.797017
2780 19.835670 15.543872
2781 16.927841 16.280960
2782 16.649204 14.610293
2783 12.759809 13.761932
2784 13.408648 9.672262
2785 14.716869 14.317532
2786 19.203960 14.894035
2787 15.699290 17.589626
2788 11.284943 13.816611
2789 17.548824 9.605108
2790 16.734158 17.546183
2791 10.701048 14.853199
2792 17.933437 14.593223
2793 13.775191 13.921034
2794 19.517569 12.610081
2795 17.204931 14.048594
2796 24.178661 12.841714
2797 15.559070 13.534447
2798 14.353870 18.356161
2799 20.042833 17.943825
2800 13.746766 14.822859
2801 11.565979 16.070517
2802 12.535884 9.371548
2803 17.685486 15.921151
2804 14.600686 13.638997
2805 19.480618 16.008984
2806 12.107907 12.256040
2807 23.999565 16.078373
2808 21.235903 18.501755
2809 10.682296 17.703318
2810 14.730539 13.391883
2811 17.628759 17.138153
2812 15.515808 19.115120
2813 18.361605 17.718061
2814 17.746817 12.950736
2815 9.185888 13.504482
2816 10.933521 15.937219
2817 20.002371 13.806252
2818 14.793074 16.076252
2819 19.600668 10.589327
2820 24.238737 16.522795
2821 21.284702 14.924145
2822 11.572405 15.449958
2823 16.303396 15.046502
2824 11.770432 20.677422
2825 16.475765 13.663685
2826 18.273901 13.093978
2827 13.764439 14.922701
2828 17.049486 12.752106
2829 15.587248 14.832908
2830 14.805420 19.035082
2831 21.882753 10.769114
2832 8.516468 20.070791
2833 23.562632 16.019758
2834 9.678684 18.866344
2835 14.676990 17.222075
2836 14.331214 11.954543
2837 16.346630 16.744143
2838 13.098023 15.850059
2839 12.297285 13.145664
2840 17.559902 13.881777
2841 21.205000 17.894667
2842 13.902409 12.790565
2843 23.157856 14.117324
2844 19.753401 13.332365
2845 20.979990 18.822878
2846 11.413239 12.981190
2847 15.881457 18.895069
2848 13.491887 17.287260
2849 22.101870 13.328023
2850 13.442314 19.163738
2851 11.707250 17.497747
2852 21.304224 13.525279
2853 12.246504 12.875671
2854 12.859777 14.329574
2855 15.868491 20.611797
2856 19.911940 10.718307
2857 17.499561 18.796062
2858 19.756994 13.070683
2859 15.922216 19.531557
2860 14.882199 11.763730
2861 15.595427 14.716326
2862 15.613452 14.762492
2863 10.216080 15.025117
2864 17.735592 16.041451
2865 19.009848 12.424537
2866 16.439257 16.137388
2867 15.811155 12.322982
2868 14.986618 16.358053
2869 17.072136 17.162706
2870 15.587893 14.503271
2871 22.136583 12.048662
2872 14.909988 14.615654
2873 14.952004 15.823779
2874 20.841827 15.629426
2875 12.271664 14.289931
2876 13.209252 18.878296
2877 15.675077 10.522047
2878 13.439044 10.690304
2879 14.745334 23.557852
2880 12.533462 12.596096
2881 18.976610 16.830751
2882 15.776779 11.282567
2883 15.569578 13.241754
2884 19.680122 14.216127
2885 18.388458 11.822192
2886 12.605455 12.490090
2887 19.611847 17.984123
2888 18.807055 13.777551
2889 18.990429 17.028311
2890 11.950828 12.695086
2891 18.124327 15.121806
2892 14.209660 14.285106
2893 20.818911 22.715830
2894 16.032915 14.557229
2895 11.989919 13.523870
2896 14.517470 15.860046
2897 10.625174 15.690737
2898 14.269384 10.560011
2899 13.441423 19.428820
2900 16.897444 14.358459
2901 19.769606 17.066408
2902 15.168236 7.494562
2903 14.725505 14.242868
2904 18.536163 18.022900
2905 14.732411 23.939034
2906 22.314501 16.167898
2907 16.406481 17.947643
2908 10.741552 19.232443
2909 14.539339 15.867385
2910 17.287989 16.286648
2911 15.829577 17.824810
2912 18.478497 20.785917
2913 12.709536 18.932814
2914 13.452593 16.497980
2915 13.549089 15.884062
2916 17.589951 24.122246
2917 19.253380 17.474585
2918 18.210854 15.023372
2919 11.950269 17.478350
2920 8.859851 17.006252
2921 11.298340 18.141573
2922 14.050451 13.987772
2923 19.073280 14.937546
2924 17.311270 13.802860
2925 17.445826 20.170473
2926 13.699072 21.718908
2927 17.874821 12.649087
2928 15.376157 16.605284
2929 14.053722 16.508821
2930 11.662817 12.850278
2931 18.485273 18.136797
2932 18.865150 15.391641
2933 15.325903 16.325760
2934 18.683651 16.748459
2935 15.502927 14.761127
2936 15.368318 10.957243
2937 11.849553 14.587077
2938 7.973285 16.836401
2939 11.888580 14.361851
2940 18.918987 16.451830
2941 13.147795 14.813244
2942 14.925779 18.137903
2943 20.774181 16.005980
2944 16.476240 19.778015
2945 16.102751 11.765603
2946 17.568462 20.925932
2947 16.782845 13.741919
2948 25.986952 18.002317
2949 18.008862 19.078581
2950 20.936874 22.681234
2951 11.978547 16.512522
2952 16.888742 15.202114
2953 15.261196 15.198483
2954 18.413940 19.832851
2955 18.332497 12.907986
2956 12.713181 12.517353
2957 20.883224 19.164154
2958 11.947915 18.233854
2959 17.533882 13.397827
2960 12.244812 13.702211
2961 11.531277 11.412211
2962 19.037619 15.068474
2963 19.408154 16.575626
2964 16.576536 16.886520
2965 17.203127 12.436067
2966 15.220311 19.633743
2967 17.561766 15.174225
2968 16.971577 15.815986
2969 14.863116 16.915218
2970 10.295140 18.249907
2971 15.775094 15.363464
2972 19.276621 15.077174
2973 14.529269 15.079343
2974 16.964079 14.065806
2975 20.054144 17.633165
2976 18.931660 20.357565
2977 16.111267 21.548374
2978 18.002275 17.277596
2979 11.615507 18.430677
2980 17.184874 11.649885
2981 11.340158 16.023279
2982 16.168798 20.033352
2983 19.838814 13.290481
2984 14.144438 12.986979
2985 14.017765 11.849195
2986 13.142739 21.306885
2987 14.356966 22.331230
2988 10.441881 12.681479
2989 17.610428 17.901449
2990 13.164677 17.313707
2991 17.886562 15.862083
2992 11.602358 11.600571
2993 11.992523 14.602431
2994 15.943159 12.411988
2995 12.238965 22.122410
2996 16.229059 16.691761
2997 12.705916 10.917288
2998 18.141369 14.061641
2999 13.538615 14.772014
3000 11.832182 17.364225
3001 11.654613 19.197683
3002 14.742340 9.559629
3003 21.660707 21.646696
3004 21.528996 13.140783
3005 20.040068 15.690925
3006 17.659582 18.971087
3007 15.267117 12.189754
3008 15.488227 18.636356
3009 17.966852 17.552675
3010 17.030952 16.989471
3011 11.884457 15.706391
3012 14.938486 17.969566
3013 20.306292 18.702597
3014 21.144030 17.792799
3015 16.163176 10.738530
3016 17.337944 18.839724
3017 14.318540 18.984133
3018 16.840454 13.349084
3019 14.829780 14.599926
3020 18.005846 15.333713
3021 12.789252 14.972129
3022 16.366014 18.849043
3023 15.886602 14.009437
3024 16.269651 13.169741
3025 15.768078 12.716599
3026 19.637575 11.096149
3027 14.151577 16.871088
3028 11.077652 24.260429
3029 14.689207 16.786804
3030 17.052427 14.938303
3031 17.990932 14.696494
3032 20.122013 9.915412
3033 11.115048 13.701571
3034 17.534300 11.990104
3035 14.605840 14.093639
3036 19.600338 15.823220
3037 17.526491 16.940779
3038 14.595283 14.067684
3039 15.655313 12.056616
3040 12.304250 14.460875
3041 11.362807 15.384023
3042 17.123831 21.262705
3043 13.617135 15.577565
3044 15.654081 21.943010
3045 19.935694 17.709827
3046 13.542572 13.547448
3047 12.036277 16.939566
3048 15.138481 18.266031
3049 13.801401 13.887087
3050 20.973463 17.654400
3051 19.637434 13.636127
3052 14.400130 13.452593
3053 11.082318 18.130352
3054 13.351996 18.402725
3055 15.403370 16.230904
3056 17.520351 19.437347
3057 18.225157 13.200916
3058 14.453260 14.904256
3059 19.706635 14.887362
3060 16.703989 19.030163
3061 16.474794 15.465413
3062 12.682318 13.056960
3063 14.677730 12.740605
3064 18.576546 15.838641
3065 12.680649 18.648851
3066 13.583663 20.494806
3067 13.798847 16.049889
3068 14.861069 15.410519
3069 16.122507 15.049400
3070 17.054367 25.349344
3071 13.228857 14.481766
3072 15.854575 19.473103
3073 14.274434 16.666786
3074 20.832417 17.765888
3075 16.780052 16.051090
3076 15.701208 11.810373
3077 16.433113 13.920881
3078 20.459669 11.199515
3079 24.731098 14.381191
3080 18.266443 17.433981
3081 12.795294 15.169664
3082 12.343967 13.747198
3083 17.003492 15.773417
3084 12.501279 14.730495
3085 17.134975 14.189541
3086 13.125970 14.715748
3087 12.169767 12.088353
3088 19.458479 15.360847
3089 15.791531 13.459554
3090 16.976925 16.403654
3091 19.133467 10.743152
3092 15.127376 14.801357
3093 12.319991 11.513187
3094 10.629692 9.907118
3095 16.459347 21.502409
3096 13.003313 15.219192
3097 19.222534 16.088617
3098 12.856020 13.612532
3099 17.247360 22.132507
