0 30.696987
1 32.398880
2 35.883030
3 37.832081
4 35.112659
5 37.525379
6 34.302002
7 28.290285
8 35.291290
9 29.339756
10 27.559147
11 30.854643
12 27.162294
13 36.678669
14 26.568527
15 30.995907
16 28.730465
17 30.868412
18 31.956961
19 27.853107
20 27.519855
21 28.803364
22 27.848843
23 28.565430
24 25.371365
25 35.323723
26 23.560150
27 25.257948
28 27.451439
29 28.310703
30 34.217602
31 27.763615
32 26.063686
33 22.490341
34 28.090527
35 26.004475
36 23.478045
37 33.803467
38 22.951973
39 22.053492
40 23.751329
41 22.553722
42 24.431173
43 25.930189
44 24.427914
45 23.730915
46 20.440006
47 29.538448
48 27.460846
49 25.492409
50 27.742765
51 27.629160
52 22.393114
53 25.517729
54 27.280869
55 18.931675
56 30.472483
57 19.618921
58 23.208260
59 28.960859
60 20.071690
61 22.057577
62 23.735121
63 19.113842
64 27.530920
65 18.895273
66 26.452288
67 19.796217
68 27.439169
69 21.549980
70 22.364664
71 25.157400
72 18.410578
73 22.592354
74 16.387548
75 20.324043
76 22.253265
77 20.540279
78 25.647060
79 22.484158
80 25.962507
81 32.022060
82 22.544380
83 26.364374
84 19.606411
85 19.118248
86 18.216900
87 23.261776
88 21.639980
89 21.605141
90 24.186123
91 19.970144
92 16.528696
93 21.135500
94 23.857836
95 19.365808
96 20.470804
97 14.257100
98 19.446743
99 19.561897
100 21.130095
101 16.875546
102 27.798676
103 26.415771
104 19.245129
105 24.090815
106 19.454805
107 21.488485
108 20.925266
109 19.851543
110 14.886187
111 26.308256
112 15.116247
113 15.143538
114 23.258171
115 20.863659
116 19.527704
117 18.584589
118 17.017317
119 19.048117
120 22.067665
121 15.239212
122 20.269985
123 19.809826
124 19.470592
125 21.400627
126 18.134546
127 19.326559
128 22.578871
129 20.301317
130 13.677880
131 21.860806
132 22.843534
133 18.382893
134 15.641253
135 19.986086
136 12.873711
137 24.523447
138 21.183464
139 18.247169
140 20.234598
141 21.744658
142 16.505810
143 23.700539
144 21.075554
145 29.432867
146 15.215865
147 20.347120
148 21.088305
149 18.748981
150 17.668407
151 20.880053
152 18.062752
153 21.039091
154 16.812469
155 12.650935
156 23.819267
157 17.535702
158 15.344724
159 19.467241
160 12.582674
161 20.508007
162 11.013885
163 23.291300
164 23.297144
165 27.262749
166 17.926901
167 17.911911
168 24.759212
169 14.816320
170 18.751202
171 17.318155
172 25.918797
173 19.079250
174 16.775629
175 20.251648
176 14.700400
177 23.195156
178 17.183294
179 16.394835
180 19.611740
181 15.111926
182 17.401018
183 17.952309
184 20.948629
185 13.687213
186 15.590185
187 14.275467
188 14.572917
189 22.374804
190 19.562544
191 13.750051
192 10.301824
193 21.397840
194 16.388292
195 23.608894
196 22.916660
197 20.378399
198 18.420942
199 16.836458
200 25.572224
201 19.430662
202 16.540113
203 12.496948
204 18.835871
205 19.555584
206 18.478302
207 18.176960
208 20.117403
209 22.141827
210 19.496691
211 20.870464
212 21.451101
213 19.675095
214 20.537563
215 18.822102
216 18.685986
217 25.147142
218 21.694056
219 22.631985
220 13.508442
221 16.890034
222 20.600702
223 16.874956
224 16.813532
225 18.694389
226 19.831163
227 22.482632
228 19.256824
229 16.466404
230 21.257023
231 18.338806
232 23.799879
233 17.030272
234 15.022578
235 19.647121
236 17.242575
237 23.338957
238 15.991151
239 19.568684
240 18.236597
241 18.030684
242 19.484135
243 23.115665
244 29.740313
245 21.164841
246 21.023798
247 21.270929
248 21.144911
249 14.541765
250 26.621290
251 21.324392
252 14.539392
253 24.184330
254 9.996053
255 18.701965
256 22.659977
257 28.577475
258 14.393339
259 18.700871
260 16.028044
261 21.294460
262 11.405620
263 14.056668
264 11.471175
265 26.893791
266 19.826176
267 17.117964
268 15.660875
269 19.754543
270 13.869064
271 19.091251
272 20.736628
273 11.357047
274 18.421801
275 15.581423
276 11.627750
277 17.697199
278 24.881845
279 15.076250
280 18.239546
281 21.733301
282 21.751577
283 19.644958
284 19.226921
285 20.129141
286 16.413534
287 18.992157
288 14.588326
289 18.407305
290 22.958830
291 19.992767
292 19.228363
293 22.330124
294 21.522182
295 17.174438
296 14.788606
297 17.436335
298 17.826267
299 17.841917
300 18.852619
301 15.876466
302 16.725851
303 16.752958
304 17.552305
305 14.199940
306 24.511953
307 14.447642
308 26.010843
309 24.483368
310 18.263117
311 20.780132
312 26.423191
313 17.113415
314 17.072144
315 22.722748
316 19.694897
317 16.617346
318 14.941826
319 14.646142
320 23.569921
321 21.676357
322 17.931562
323 14.263596
324 15.031684
325 19.719006
326 17.361898
327 22.137199
328 18.835629
329 20.182934
330 16.138283
331 25.207870
332 16.473953
333 22.532019
334 19.118919
335 14.924371
336 14.096899
337 16.875488
338 20.148449
339 17.310028
340 16.830297
341 19.121796
342 21.254869
343 16.969692
344 20.640385
345 11.198523
346 15.180898
347 14.115999
348 22.510620
349 18.943542
350 18.506416
351 16.369328
352 19.384577
353 12.172872
354 14.065178
355 17.104712
356 25.302509
357 18.333277
358 18.939945
359 14.369496
360 22.200468
361 20.881308
362 17.168577
363 19.403791
364 17.836700
365 17.224634
366 17.573341
367 15.303799
368 19.484053
369 20.849062
370 19.945686
371 19.862280
372 18.223227
373 27.777378
374 19.939135
375 11.558625
376 16.500135
377 14.265491
378 13.836779
379 15.547590
380 19.580639
381 13.667982
382 19.203604
383 23.008675
384 18.395842
385 12.379826
386 12.327232
387 16.812037
388 16.300646
389 17.824865
390 18.466778
391 14.483690
392 17.414999
393 19.913689
394 14.052372
395 17.031342
396 13.889099
397 16.883295
398 20.077196
399 20.539104
400 12.729013
401 14.306166
402 14.117270
403 12.085868
404 19.636597
405 12.779809
406 15.426555
407 16.492193
408 18.364983
409 14.070937
410 15.882891
411 13.740991
412 11.984053
413 14.462180
414 14.693739
415 17.864548
416 19.661459
417 14.542020
418 18.601625
419 19.996111
420 13.963079
421 14.238191
422 19.989555
423 16.697309
424 22.257368
425 14.887431
426 18.945509
427 13.803684
428 24.281019
429 18.937311
430 14.395016
431 13.262689
432 16.364330
433 15.329183
434 18.790298
435 20.201691
436 18.210567
437 19.692644
438 12.926154
439 21.561613
440 13.873184
441 16.074257
442 17.367319
443 20.795866
444 14.005918
445 21.359819
446 20.075226
447 21.105288
448 17.132032
449 17.744402
450 14.848229
451 21.071262
452 18.910858
453 17.745634
454 25.480722
455 20.845835
456 14.989941
457 18.705208
458 11.674009
459 14.805381
460 11.215385
461 23.723490
462 19.388288
463 19.749702
464 14.257034
465 17.116930
466 14.735613
467 13.024209
468 17.237381
469 17.382849
470 20.410385
471 14.786828
472 17.675819
473 13.562951
474 20.919008
475 20.033413
476 17.956194
477 20.305498
478 11.740932
479 14.464923
480 22.829159
481 21.048203
482 15.868898
483 11.636919
484 17.497093
485 16.558819
486 17.871801
487 13.608774
488 16.361305
489 17.320089
490 12.504362
491 20.757030
492 21.087887
493 15.367610
494 15.931711
495 13.017302
496 12.720792
497 17.044888
498 16.732353
499 16.586617
500 14.265134
501 14.312510
502 22.219780
503 11.866333
504 15.227917
505 19.512634
506 20.279110
507 17.543430
508 15.705912
509 14.636716
510 14.686197
511 16.529682
512 11.981517
513 16.797092
514 17.813269
515 17.810801
516 12.628624
517 17.287949
518 14.931520
519 16.904394
520 14.603434
521 15.170186
522 20.843691
523 16.083765
524 14.412623
525 15.049353
526 15.928638
527 15.835527
528 17.149910
529 19.894133
530 15.973434
531 12.298494
532 13.756702
533 15.593253
534 16.343004
535 19.994244
536 19.141043
537 22.482006
538 13.353062
539 21.425179
540 16.541975
541 14.544971
542 14.937154
543 16.185751
544 15.678329
545 13.572717
546 16.421019
547 15.467789
548 16.496717
549 24.017841
550 15.887479
551 22.791435
552 18.397390
553 17.919836
554 14.513926
555 16.333168
556 13.913811
557 21.113857
558 17.216812
559 24.059666
560 14.684708
561 21.521082
562 12.710902
563 12.182024
564 15.526764
565 20.487856
566 15.307980
567 13.306184
568 21.391731
569 16.779982
570 23.840702
571 14.917656
572 21.335840
573 19.148268
574 16.236031
575 16.175503
576 12.901011
577 17.451757
578 18.526388
579 18.936264
580 13.532810
581 19.826881
582 16.133837
583 15.522139
584 13.488848
585 24.311777
586 17.900986
587 16.893593
588 14.815472
589 14.372301
590 15.760251
591 13.352146
592 22.380928
593 19.031103
594 18.878723
595 15.298633
596 20.667803
597 11.795046
598 18.488375
599 16.406759
600 19.021883
601 15.066118
602 22.514103
603 14.028438
604 11.016312
605 11.901171
606 13.678576
607 15.877307
608 12.089519
609 19.484125
610 16.995173
611 17.078081
612 22.500200
613 17.626463
614 21.452379
615 11.069821
616 10.402496
617 13.557816
618 18.310061
619 14.621882
620 21.548065
621 12.866196
622 21.012260
623 14.959531
624 17.577326
625 18.018259
626 22.033260
627 19.385654
628 13.117460
629 18.082672
630 21.598022
631 13.454045
632 17.790991
633 17.463478
634 20.076973
635 15.483310
636 20.172083
637 17.714582
638 21.191896
639 15.707443
640 23.413155
641 18.088678
642 16.350494
643 20.080326
644 18.113873
645 15.805439
646 14.078911
647 18.347582
648 14.258162
649 20.555933
650 18.442125
651 11.267537
652 18.499311
653 14.193055
654 16.387798
655 22.657221
656 16.377037
657 22.612650
658 18.697306
659 17.733097
660 16.543312
661 16.547497
662 12.815862
663 18.170124
664 15.058132
665 14.425673
666 16.987907
667 13.650286
668 19.999790
669 21.351748
670 10.702430
671 20.319374
672 17.600857
673 22.981070
674 13.594697
675 15.586606
676 19.193806
677 11.660161
678 17.841486
679 23.797741
680 13.306162
681 16.513445
682 21.678965
683 24.856152
684 22.853498
685 11.989089
686 18.825504
687 21.837517
688 19.154615
689 13.683339
690 9.890783
691 15.269729
692 17.707947
693 14.577912
694 19.715822
695 14.772210
696 13.531830
697 20.415388
698 21.290239
699 13.501574
700 9.910542
701 16.341387
702 15.737595
703 16.261499
704 18.742605
705 15.012249
706 13.886621
707 12.231508
708 13.038724
709 16.356436
710 15.873591
711 16.031488
712 20.680492
713 15.323824
714 17.933697
715 16.040047
716 24.022993
717 19.928556
718 13.488483
719 26.376276
720 11.904712
721 17.675241
722 13.139048
723 17.274035
724 24.113590
725 18.297707
726 14.988815
727 18.124720
728 17.504168
729 18.169415
730 16.995907
731 10.858621
732 14.684350
733 12.716415
734 12.239407
735 17.933130
736 28.826900
737 22.563677
738 12.496008
739 17.666145
740 15.998183
741 17.442326
742 12.143628
743 18.055109
744 22.292429
745 19.938749
746 16.174948
747 13.246362
748 16.810795
749 15.123270
750 19.092825
751 12.171811
752 18.069128
753 19.811411
754 17.546595
755 14.617739
756 23.958090
757 19.286186
758 20.769165
759 27.843115
760 13.244538
761 18.789965
762 16.337761
763 16.091412
764 14.826387
765 21.102558
766 15.372253
767 17.709362
768 18.563593
769 20.325159
770 11.913513
771 16.731979
772 20.734493
773 20.323736
774 15.598760
775 25.167383
776 19.878830
777 18.893642
778 18.397703
779 21.131695
780 18.106457
781 18.521252
782 24.461620
783 15.533271
784 19.772535
785 17.296640
786 13.190944
787 10.264411
788 17.218262
789 24.414370
790 16.823549
791 14.688664
792 18.354151
793 15.552414
794 15.206349
795 22.923801
796 19.115072
797 18.481003
798 12.491307
799 23.071447
800 20.052420
801 17.588057
802 25.820663
803 23.403236
804 12.691175
805 13.366677
806 13.606787
807 14.934426
808 19.148823
809 14.507083
810 22.073328
811 25.357346
812 15.146399
813 20.998047
814 22.679340
815 22.263611
816 18.362331
817 15.740615
818 21.707443
819 13.076037
820 20.050489
821 11.149166
822 19.749569
823 21.918222
824 16.018278
825 21.534039
826 19.585888
827 14.708758
828 18.285252
829 19.575893
830 17.796282
831 23.983128
832 17.233490
833 27.685726
834 25.423153
835 24.634584
836 23.537519
837 14.348094
838 19.409531
839 15.059987
840 20.781738
841 22.021118
842 17.918085
843 13.566930
844 22.206337
845 17.538197
846 17.220127
847 16.936497
848 17.354897
849 15.269568
850 15.153679
851 17.224554
852 17.079628
853 16.216051
854 18.827755
855 20.762854
856 10.599609
857 20.222734
858 9.280182
859 25.451984
860 15.717044
861 13.104856
862 23.254057
863 8.958659
864 12.837701
865 14.799517
866 20.078854
867 10.184017
868 12.452364
869 12.078164
870 14.927320
871 15.589548
872 17.381056
873 21.610386
874 19.970201
875 18.952370
876 15.605148
877 21.584415
878 20.879185
879 23.548370
880 22.520332
881 19.710201
882 16.416796
883 24.041586
884 17.697683
885 13.104376
886 21.709494
887 15.052368
888 20.389290
889 17.228123
890 11.998591
891 8.496106
892 20.218185
893 18.652758
894 13.507425
895 17.251041
896 13.610731
897 27.135813
898 19.527626
899 17.525751
900 14.619997
901 15.841990
902 21.176813
903 16.181967
904 17.685444
905 16.449043
906 13.651413
907 18.104300
908 11.785117
909 14.395192
910 15.979336
911 23.322021
912 15.666151
913 17.902287
914 15.757849
915 13.107798
916 11.361306
917 19.939074
918 18.533363
919 12.825803
920 15.277888
921 8.898653
922 16.558750
923 16.991978
924 19.671156
925 13.091685
926 10.844503
927 19.773808
928 8.964072
929 12.467403
930 18.286650
931 16.604235
932 17.004166
933 22.206232
934 15.320806
935 15.181658
936 17.863686
937 21.166281
938 12.549024
939 15.080905
940 13.224729
941 16.233280
942 17.760315
943 8.764417
944 15.333535
945 17.821320
946 12.799878
947 8.012918
948 9.072817
949 15.330952
950 10.302250
951 19.471338
952 13.810500
953 12.248132
954 7.287214
955 17.040842
956 12.259498
957 10.471365
958 15.888803
959 16.765934
960 13.012280
961 7.612062
962 11.766697
963 9.755351
964 10.158360
965 9.892490
966 11.996020
967 9.931114
968 14.345490
969 19.090099
970 10.667175
971 7.395792
972 19.404697
973 16.506567
974 10.727854
975 9.875200
976 13.794872
977 8.140931
978 11.388767
979 15.447035
980 12.882456
981 18.163145
982 11.554932
983 9.361587
984 18.831438
985 9.801428
986 9.926724
987 14.471705
988 13.262266
989 6.884624
990 12.180908
991 11.956867
992 10.415082
993 8.263044
994 12.026285
995 16.298599
996 10.626694
997 8.070109
998 13.615729
999 13.256118
1000 20.483330
1001 14.551782
1002 13.685586
1003 7.919134
1004 18.386801
1005 10.785293
1006 8.533301
1007 10.474828
1008 14.470002
1009 11.102741
1010 15.063638
1011 6.861907
1012 10.672892
1013 7.867855
1014 17.934910
1015 13.226942
1016 13.230320
1017 10.305443
1018 15.286225
1019 18.274595
1020 19.497160
1021 13.221883
1022 7.711875
1023 17.008158
1024 17.678904
1025 4.590273
1026 13.220466
1027 9.374298
1028 8.986817
1029 10.877443
1030 8.098948
1031 13.711880
1032 10.747031
1033 16.681635
1034 14.289045
1035 7.648835
1036 9.720671
1037 11.270535
1038 13.061959
1039 7.304303
1040 12.690927
1041 15.731448
1042 8.365221
1043 14.798967
1044 16.991999
1045 10.596267
1046 9.037359
1047 12.440114
1048 10.494941
1049 15.464190
1050 9.039237
1051 13.084748
1052 14.307434
1053 11.723057
1054 16.517561
1055 10.476633
1056 7.806245
1057 16.421606
1058 15.399231
1059 5.829967
1060 9.499829
1061 11.267571
1062 10.976333
1063 11.054123
1064 14.331100
1065 12.705625
1066 8.565231
1067 11.794959
1068 14.854045
1069 8.043154
1070 11.094504
1071 7.627053
1072 19.122572
1073 14.318364
1074 9.808467
1075 13.057973
1076 9.609776
1077 6.106335
1078 7.985224
1079 12.465931
1080 13.107292
1081 8.638806
1082 19.413980
1083 12.854870
1084 10.514572
1085 11.160772
1086 9.942432
1087 11.487864
1088 11.592114
1089 8.860881
1090 9.297141
1091 11.712609
1092 8.975123
1093 12.841798
1094 10.975159
1095 16.078264
1096 16.870165
1097 15.913596
1098 20.672148
1099 11.678343
1100 13.341815
1101 11.008121
1102 5.145754
1103 9.019624
1104 8.786684
1105 7.907096
1106 9.050855
1107 11.647132
1108 11.824452
1109 5.951480
1110 6.488659
1111 10.905509
1112 9.883713
1113 13.485752
1114 7.876619
1115 9.157127
1116 7.870889
1117 12.074997
1118 8.301266
1119 8.972304
1120 5.036624
1121 12.836884
1122 8.184325
1123 12.308790
1124 10.886728
1125 6.805954
1126 6.318988
1127 4.323202
1128 7.926611
1129 8.056266
1130 13.046003
1131 6.720488
1132 17.547266
1133 11.924177
1134 10.410392
1135 8.353691
1136 5.721218
1137 17.569609
1138 12.087996
1139 7.839786
1140 7.576670
1141 6.296309
1142 4.995057
1143 7.524067
1144 4.639033
1145 11.049990
1146 6.382740
1147 9.246301
1148 7.514209
1149 4.515900
1150 7.630118
1151 5.934227
1152 13.104399
1153 11.376060
1154 7.083024
1155 15.937834
1156 4.711403
1157 13.561628
1158 9.785992
1159 9.305243
1160 9.125447
1161 16.236677
1162 11.125468
1163 11.243059
1164 9.790483
1165 6.773441
1166 15.101208
1167 6.041561
1168 13.736574
1169 7.947903
1170 9.418642
1171 7.120901
1172 4.647748
1173 6.700933
1174 14.421978
1175 16.103666
1176 6.427907
1177 12.496052
1178 11.308016
1179 12.216151
1180 10.718091
1181 13.821740
1182 8.543352
1183 7.148525
1184 13.675341
1185 8.418284
1186 6.297719
1187 13.688609
1188 13.899194
1189 7.465908
1190 11.293052
1191 6.166820
1192 5.847704
1193 10.379748
1194 9.340883
1195 6.777783
1196 6.304004
1197 11.061550
1198 7.236280
1199 11.637013
1200 7.637624
1201 8.388824
1202 7.621865
1203 5.996663
1204 6.335709
1205 13.010056
1206 3.679565
1207 7.914361
1208 4.469121
1209 3.820646
1210 7.860336
1211 13.522298
1212 4.708889
1213 5.612062
1214 14.445047
1215 8.758233
1216 8.300530
1217 8.973141
1218 5.300732
1219 6.771124
1220 15.090313
1221 6.771852
1222 11.580534
1223 10.051938
1224 6.035016
1225 8.031618
1226 8.471797
1227 7.969332
1228 6.073676
1229 3.903475
1230 3.994769
1231 7.280025
1232 8.198502
1233 5.320725
1234 10.000412
1235 8.382812
1236 12.188586
1237 10.579232
1238 7.285029
1239 16.845505
1240 7.422647
1241 8.230477
1242 9.397612
1243 12.864223
1244 4.902804
1245 12.211716
1246 4.620894
1247 12.611808
1248 11.056939
1249 18.753923
1250 4.164738
1251 11.323351
1252 12.543524
1253 8.376121
1254 6.197535
1255 5.240326
1256 6.004500
1257 7.534029
1258 6.921106
1259 14.647481
1260 5.735563
1261 5.041404
1262 10.451430
1263 9.675347
1264 6.028623
1265 9.607109
1266 11.617097
1267 6.065254
1268 7.700235
1269 5.482985
1270 9.664603
1271 9.811405
1272 6.047295
1273 5.844489
1274 3.832860
1275 3.757740
1276 8.136262
1277 10.353541
1278 5.462633
1279 5.206184
1280 5.993252
1281 10.947788
1282 6.577016
1283 6.954072
1284 7.731579
1285 6.680017
1286 7.365275
1287 4.357165
1288 5.456969
1289 6.870776
1290 3.683615
1291 6.314520
1292 9.931900
1293 3.708423
1294 9.471037
1295 10.376763
1296 3.026543
1297 7.912996
1298 6.850521
1299 9.107215
1300 7.286777
1301 15.296640
1302 6.510619
1303 4.569520
1304 14.482375
1305 6.002797
1306 10.284064
1307 9.097903
1308 5.531045
1309 2.313486
1310 5.015621
1311 14.393395
1312 19.401684
1313 7.653559
1314 10.464183
1315 5.394347
1316 6.551852
1317 3.708709
1318 10.052861
1319 5.926682
1320 10.223368
1321 4.221475
1322 21.015913
1323 8.385633
1324 9.913281
1325 11.544678
1326 9.692230
1327 13.354335
1328 7.227250
1329 6.195709
1330 8.223154
1331 4.634743
1332 8.683776
1333 3.209931
1334 6.582191
1335 7.716579
1336 5.321167
1337 4.570413
1338 3.429926
1339 7.015963
1340 8.110086
1341 4.713420
1342 8.718122
1343 16.090021
1344 4.750337
1345 8.387036
1346 7.513524
1347 3.563291
1348 6.003403
1349 5.055144
1350 7.529708
1351 7.875204
1352 8.736922
1353 9.246012
1354 3.303641
1355 12.174890
1356 5.743006
1357 2.797613
1358 15.679387
1359 9.148252
1360 3.060867
1361 5.717422
1362 5.052345
1363 11.399235
1364 2.913838
1365 6.336610
1366 5.562114
1367 4.002581
1368 7.489092
1369 5.506075
1370 3.988320
1371 6.615863
1372 11.815964
1373 3.910612
1374 6.999587
1375 4.786087
1376 17.349983
1377 9.899848
1378 5.613508
1379 4.962874
1380 7.270345
1381 9.149140
1382 7.131736
1383 4.944882
1384 9.336791
1385 9.726802
1386 4.319602
1387 6.838960
1388 3.700683
1389 14.947097
1390 17.108505
1391 3.761448
1392 6.155852
1393 8.770111
1394 8.147857
1395 4.506809
1396 9.948722
1397 6.029333
1398 10.982125
1399 12.615590
1400 6.764270
1401 3.772131
1402 3.704797
1403 8.855443
1404 3.757489
1405 7.335527
1406 3.039140
1407 9.638504
1408 6.435516
1409 5.941686
1410 6.184973
1411 5.611418
1412 6.885942
1413 5.657510
1414 7.490472
1415 4.630943
1416 2.914628
1417 10.226462
1418 9.118151
1419 5.788540
1420 7.333045
1421 5.858845
1422 5.945677
1423 4.267799
1424 6.766437
1425 7.308159
1426 7.499319
1427 4.467617
1428 5.427213
1429 11.498479
1430 2.866725
1431 3.998333
1432 8.228157
1433 12.360493
1434 6.134348
1435 11.059723
1436 14.193791
1437 7.501570
1438 5.361564
1439 8.225621
1440 8.059118
1441 9.022828
1442 5.145221
1443 2.720611
1444 5.004946
1445 6.590714
1446 6.579296
1447 10.560248
1448 2.709782
1449 7.656105
1450 6.094453
1451 9.235819
1452 8.038920
1453 7.637079
1454 4.172290
1455 7.308447
1456 12.242416
1457 6.357430
1458 8.853250
1459 4.557487
1460 11.243967
1461 12.298153
1462 10.895440
1463 5.993474
1464 12.585164
1465 5.663377
1466 10.249255
1467 6.439678
1468 8.103587
1469 6.411748
1470 4.451369
1471 14.204559
1472 8.059623
1473 8.021689
1474 4.224187
1475 5.725935
1476 3.631018
1477 9.038861
1478 6.201710
1479 11.646145
1480 7.311905
1481 4.185201
1482 8.901232
1483 4.696714
1484 18.023464
1485 4.993001
1486 11.491282
1487 5.005056
1488 7.289552
1489 6.844739
1490 7.084442
1491 6.491154
1492 4.518548
1493 11.075654
1494 3.160308
1495 6.264195
1496 5.872090
1497 2.000933
1498 8.228648
1499 11.926319
1500 10.345832
1501 18.496468
1502 7.227900
1503 7.394880
1504 4.106332
1505 3.952448
1506 4.751278
1507 7.744118
1508 8.403614
1509 11.888459
1510 5.905361
1511 4.555271
1512 4.554293
1513 11.168009
1514 5.912264
1515 5.163110
1516 6.542488
1517 5.183078
1518 2.635021
1519 8.943965
1520 9.298091
1521 4.218578
1522 3.704936
1523 12.371208
1524 7.035309
1525 8.860057
1526 12.417825
1527 5.566876
1528 4.434364
1529 5.578084
1530 8.011818
1531 6.986534
1532 4.448624
1533 11.288523
1534 6.489257
1535 7.996615
1536 8.167116
1537 11.440779
1538 9.677401
1539 12.533857
1540 2.994186
1541 6.456594
1542 4.450010
1543 4.124118
1544 4.478086
1545 4.198243
1546 3.287204
1547 6.409076
1548 5.645639
1549 6.872277
1550 8.791014
1551 3.381154
1552 6.218825
1553 3.005654
1554 8.911301
1555 2.897364
1556 11.091036
1557 6.907367
1558 5.562140
1559 6.594709
1560 7.989629
1561 3.369929
1562 6.467292
1563 6.150114
1564 7.009374
1565 5.926894
1566 5.437369
1567 7.655168
1568 6.239786
1569 17.703808
1570 6.347031
1571 6.645192
1572 3.858582
1573 1.576687
1574 11.388891
1575 18.675161
1576 9.337251
1577 3.888159
1578 8.394156
1579 7.771659
1580 7.727590
1581 6.208201
1582 3.649027
1583 6.721266
1584 4.211155
1585 4.564129
1586 14.854279
1587 7.959463
1588 3.648579
1589 7.727762
1590 4.530642
1591 9.304979
1592 3.780278
1593 5.219228
1594 7.146700
1595 4.656022
1596 5.359373
1597 3.638439
1598 10.829186
1599 2.770119
1600 3.142089
1601 6.806362
1602 3.305958
1603 5.457637
1604 17.296480
1605 3.528679
1606 6.076741
1607 6.519419
1608 4.477388
1609 4.105775
1610 6.551722
1611 9.436515
1612 8.534065
1613 6.582092
1614 3.488628
1615 3.710659
1616 11.084634
1617 9.185954
1618 8.840554
1619 8.135565
1620 2.973651
1621 2.767301
1622 4.611208
1623 4.865245
1624 6.216614
1625 7.238661
1626 11.817135
1627 5.693906
1628 3.388801
1629 6.494076
1630 7.019741
1631 3.237077
1632 8.844373
1633 7.640356
1634 3.494631
1635 5.288150
1636 5.066644
1637 3.603165
1638 4.988293
1639 11.552609
1640 6.424451
1641 4.176074
1642 6.650467
1643 5.951561
1644 5.423905
1645 6.691354
1646 3.673595
1647 5.084843
1648 6.914562
1649 3.616934
1650 12.731878
1651 14.237614
1652 5.995821
1653 4.939615
1654 5.473987
1655 10.705310
1656 3.338659
1657 12.103065
1658 9.677896
1659 8.492152
1660 5.579266
1661 8.911306
1662 6.061694
1663 5.769787
1664 5.182879
1665 4.526782
1666 3.703843
1667 7.155007
1668 14.599868
1669 4.187004
1670 4.910375
1671 6.703703
1672 3.960937
1673 8.166138
1674 11.741077
1675 9.547948
1676 7.022026
1677 5.011702
1678 7.989175
1679 6.511355
1680 15.557075
1681 10.000115
1682 8.802204
1683 3.413801
1684 3.736104
1685 9.453275
1686 4.376995
1687 4.098691
1688 10.430627
1689 14.711986
1690 3.771319
1691 7.024066
1692 6.117798
1693 11.600600
1694 5.474313
1695 9.022841
1696 4.288473
1697 6.177806
1698 3.727404
1699 4.361719
1700 8.349427
1701 8.192330
1702 3.734938
1703 3.137563
1704 9.374724
1705 3.527092
1706 4.484342
1707 15.021733
1708 5.566204
1709 7.861967
1710 13.886057
1711 13.793991
1712 5.012557
1713 6.224327
1714 6.154787
1715 3.931851
1716 7.310513
1717 9.177097
1718 7.909352
1719 18.353287
1720 4.890267
1721 11.052527
1722 6.606060
1723 5.762358
1724 5.875565
1725 5.737948
1726 8.955524
1727 3.964160
1728 3.554998
1729 8.067480
1730 10.133568
1731 8.449983
1732 5.255731
1733 6.735736
1734 2.257160
1735 3.686777
1736 5.985903
1737 3.486757
1738 3.242427
1739 8.341100
1740 5.408559
1741 8.129440
1742 6.788260
1743 9.475849
1744 5.751161
1745 4.598657
1746 7.614450
1747 3.723974
1748 6.036616
1749 6.682873
1750 3.928243
1751 3.429744
1752 8.499191
1753 5.549491
1754 8.742498
1755 6.779666
1756 6.776650
1757 4.464522
1758 6.714862
1759 6.409777
1760 9.985047
1761 1.621016
1762 3.855753
1763 7.749712
1764 4.765179
1765 2.867045
1766 4.895218
1767 5.408060
1768 2.630005
1769 6.713630
1770 6.204074
1771 4.327631
1772 3.431452
1773 1.746897
1774 4.343769
1775 3.582764
1776 5.597981
1777 7.544591
1778 3.928043
1779 1.874347
1780 9.784290
1781 5.232103
1782 4.277913
1783 4.078070
1784 3.566690
1785 2.859749
1786 4.931931
1787 2.007891
1788 3.300895
1789 3.586407
1790 6.639846
1791 5.256038
1792 5.441121
1793 7.050657
1794 4.227977
1795 2.612073
1796 2.341171
1797 7.115200
1798 7.388285
1799 8.667266
1800 4.480060
1801 6.152732
1802 6.497261
1803 4.447049
1804 6.452057
1805 3.161983
1806 7.432097
1807 2.299374
1808 8.648294
1809 10.236843
1810 4.614045
1811 11.349210
1812 8.295575
1813 3.372200
1814 3.039526
1815 4.701746
1816 8.701321
1817 7.302652
1818 5.025565
1819 6.941390
1820 5.560101
1821 3.742981
1822 4.111719
1823 4.601110
1824 4.513484
1825 6.882834
1826 3.874892
1827 4.140871
1828 2.693838
1829 5.531518
1830 3.072306
1831 3.773933
1832 6.942386
1833 9.595524
1834 3.973411
1835 2.530653
1836 11.365092
1837 6.603227
1838 5.483889
1839 9.610261
1840 6.526368
1841 8.557204
1842 5.947108
1843 3.531175
1844 2.673019
1845 2.843669
1846 10.905831
1847 4.768387
1848 5.038316
1849 11.835484
1850 4.743009
1851 4.790509
1852 9.840115
1853 4.732342
1854 4.396275
1855 4.800917
1856 8.054757
1857 4.007080
1858 4.879889
1859 5.071054
1860 4.192188
1861 7.328504
1862 4.032942
1863 6.014202
1864 6.541203
1865 3.909914
1866 3.101914
1867 4.548157
1868 2.679981
1869 4.912247
1870 4.533147
1871 6.831839
1872 3.157000
1873 7.032541
1874 5.538852
1875 1.844517
1876 3.795748
1877 2.700819
1878 3.738455
1879 9.104146
1880 3.812484
1881 6.967075
1882 8.438056
1883 8.133496
1884 2.282274
1885 6.108376
1886 1.890124
1887 5.215413
1888 5.247716
1889 5.799247
1890 4.054920
1891 3.550918
1892 3.398133
1893 5.286561
1894 7.375192
1895 4.590307
1896 6.156887
1897 6.486411
1898 2.577279
1899 5.421779
1900 5.574202
1901 2.975005
1902 8.630317
1903 5.107522
1904 3.324999
1905 2.620429
1906 6.696772
1907 5.209027
1908 7.774219
1909 3.411980
1910 2.835627
1911 2.951128
1912 3.365983
1913 11.106825
1914 4.634577
1915 10.693213
1916 5.245506
1917 3.216049
1918 1.475989
1919 8.647434
1920 4.406515
1921 6.490144
1922 1.900830
1923 6.988482
1924 7.838671
1925 8.262947
1926 4.810712
1927 2.956810
1928 9.311880
1929 4.541491
1930 2.834912
1931 3.470246
1932 6.841454
1933 3.178268
1934 8.081373
1935 6.596488
1936 9.142293
1937 3.876270
1938 4.884090
1939 4.120408
1940 6.657704
1941 6.006955
1942 2.613234
1943 3.578047
1944 12.056850
1945 5.504807
1946 10.180842
1947 5.982139
1948 6.004381
1949 2.585797
1950 2.272192
1951 4.364317
1952 7.120224
1953 2.842052
1954 15.310676
1955 3.193116
1956 9.765246
1957 4.518045
1958 7.500581
1959 4.274289
1960 5.469717
1961 3.497555
1962 5.928967
1963 3.886341
1964 7.330931
1965 4.047987
1966 13.912052
1967 1.446694
1968 6.580414
1969 2.968500
1970 3.472958
1971 5.229568
1972 2.734167
1973 6.207079
1974 3.490314
1975 3.989136
1976 7.412476
1977 4.393820
1978 4.886593
1979 8.584636
1980 1.500499
1981 7.331426
1982 5.064683
1983 3.788593
1984 3.453231
1985 5.788601
1986 4.420740
1987 7.464828
1988 2.415008
1989 11.099192
1990 12.620533
1991 10.866584
1992 3.964221
1993 3.691154
1994 3.661250
1995 3.284850
1996 9.323479
1997 8.616756
1998 5.018829
1999 4.890246
2000 2.253845
2001 11.487310
2002 4.962101
2003 10.441214
2004 7.397833
2005 8.180120
2006 3.944051
2007 4.889019
2008 4.073366
2009 6.681753
2010 3.545310
2011 10.193027
2012 3.144295
2013 7.791215
2014 3.933151
2015 7.335527
2016 4.012106
2017 4.239711
2018 3.141242
2019 8.017109
2020 4.959568
2021 3.336372
2022 7.862981
2023 3.048234
2024 2.254366
2025 4.725194
2026 3.660985
2027 4.992997
2028 3.342687
2029 7.384114
2030 10.384454
2031 7.651453
2032 4.068122
2033 2.623283
2034 5.423009
2035 4.668288
2036 2.848688
2037 3.355250
2038 3.692253
2039 5.270630
2040 6.261199
2041 7.459708
2042 4.030319
2043 7.874469
2044 5.552356
2045 1.783473
2046 11.314900
2047 2.462839
2048 4.201780
2049 7.488497
2050 4.926212
2051 6.600046
2052 5.892402
2053 3.145742
2054 3.066213
2055 4.983889
2056 9.012326
2057 5.734232
2058 5.979730
2059 4.946151
2060 2.182592
2061 3.078674
2062 3.194818
2063 6.376762
2064 1.961245
2065 5.049923
2066 7.641188
2067 6.038311
2068 6.510547
2069 2.207340
2070 2.557732
2071 5.660108
2072 2.813824
2073 3.063113
2074 2.824617
2075 5.133165
2076 8.322163
2077 4.212622
2078 2.056364
2079 2.186812
2080 3.997266
2081 2.103331
2082 4.045137
2083 3.958111
2084 6.866200
2085 4.508494
2086 13.123655
2087 2.817445
2088 8.706498
2089 3.532932
2090 7.587384
2091 2.308811
2092 5.618256
2093 5.468038
2094 8.773141
2095 7.501571
2096 4.728497
2097 1.934671
2098 11.376840
2099 3.514075
2100 1.820922
2101 5.896269
2102 1.998952
2103 3.391622
2104 3.180904
2105 3.049859
2106 3.521835
2107 3.126018
2108 3.187264
2109 12.118756
2110 2.074387
2111 8.481966
2112 5.878302
2113 8.130590
2114 3.044130
2115 3.651857
2116 5.859088
2117 3.254893
2118 7.805259
2119 4.664261
2120 2.931493
2121 4.758574
2122 3.344313
2123 3.910191
2124 7.349660
2125 2.360744
2126 2.131313
2127 4.213425
2128 4.298530
2129 3.948032
2130 4.092497
2131 3.884723
2132 8.544514
2133 4.565203
2134 4.290616
2135 6.259024
2136 5.805082
2137 3.916280
2138 2.594254
2139 5.195878
2140 1.993412
2141 3.288519
2142 2.758963
2143 3.850530
2144 6.755425
2145 3.046252
2146 1.610734
2147 3.207803
2148 2.994066
2149 3.276679
2150 5.969400
2151 3.901553
2152 1.360290
2153 4.961704
2154 6.970302
2155 6.776814
2156 7.081960
2157 4.436776
2158 3.808799
2159 3.710068
2160 6.251005
2161 5.419260
2162 9.984336
2163 3.667651
2164 1.869359
2165 2.092278
2166 3.320045
2167 1.299317
2168 4.383294
2169 3.061808
2170 7.269099
2171 2.623073
2172 2.262817
2173 5.442368
2174 7.679077
2175 2.020185
2176 1.687717
2177 1.650738
2178 1.744265
2179 2.052331
2180 3.357041
2181 4.275769
2182 7.025385
2183 2.140027
2184 5.286249
2185 1.669658
2186 10.432544
2187 1.537880
2188 3.221285
2189 2.494159
2190 1.605475
2191 1.584417
2192 3.857841
2193 6.079117
2194 4.608673
2195 3.086534
2196 3.860784
2197 9.819457
2198 4.962169
2199 5.921945
2200 2.469606
2201 3.024201
2202 3.882478
2203 2.591856
2204 4.299096
2205 8.895329
2206 8.792306
2207 5.156580
2208 2.960998
2209 7.106614
2210 5.189735
2211 5.453655
2212 4.779527
2213 10.165424
2214 3.539580
2215 2.181214
2216 3.911693
2217 10.055088
2218 4.440195
2219 4.546885
2220 4.494301
2221 2.378617
2222 7.696661
2223 2.589116
2224 5.230589
2225 7.523379
2226 3.482370
2227 3.969768
2228 3.774253
2229 5.782284
2230 2.110384
2231 6.177017
2232 2.599235
2233 10.624028
2234 2.753713
2235 3.716458
2236 2.913413
2237 9.404058
2238 2.348926
2239 8.185939
2240 4.521064
2241 5.535934
2242 6.597310
2243 2.543397
2244 3.696761
2245 7.163321
2246 4.937915
2247 1.685904
2248 1.596869
2249 4.263777
2250 6.459637
2251 7.572070
2252 2.968123
2253 5.362235
2254 3.160398
2255 4.476348
2256 3.281342
2257 2.523638
2258 5.757872
2259 4.426836
2260 4.492674
2261 4.377720
2262 5.091343
2263 9.836587
2264 1.869903
2265 6.598008
2266 2.992594
2267 4.976939
2268 4.002568
2269 10.094478
2270 4.042707
2271 5.651239
2272 2.295915
2273 5.251754
2274 5.300029
2275 2.305343
2276 1.712203
2277 4.100894
2278 6.214316
2279 8.113046
2280 5.890862
2281 3.028121
2282 3.710085
2283 6.821865
2284 3.463549
2285 3.143735
2286 8.303698
2287 6.238559
2288 2.489839
2289 8.057752
2290 11.871259
2291 3.227381
2292 4.116645
2293 1.901865
2294 2.325039
2295 2.678575
2296 6.958030
2297 7.196468
2298 2.132815
2299 10.098379
2300 5.690292
2301 4.906638
2302 8.726828
2303 4.879394
2304 5.833542
2305 7.815620
2306 3.129751
2307 6.961748
2308 2.126786
2309 5.342012
2310 4.074522
2311 5.180717
2312 6.455207
2313 3.072289
2314 4.374770
2315 2.159339
2316 2.214325
2317 1.831728
2318 8.021132
2319 7.814488
2320 4.916920
2321 3.719694
2322 6.596523
2323 2.678745
2324 5.900355
2325 10.900864
2326 5.204577
2327 3.707749
2328 4.283873
2329 2.547726
2330 5.781056
2331 2.368362
2332 1.872074
2333 6.599341
2334 3.854410
2335 7.016909
2336 15.627241
2337 7.711449
2338 5.565346
2339 4.149122
2340 3.771206
2341 5.005066
2342 2.712093
2343 3.358504
2344 5.280223
2345 2.835018
2346 3.155214
2347 8.284197
2348 5.912931
2349 4.578915
2350 3.094006
2351 3.660460
2352 4.752829
2353 2.969423
2354 1.504341
2355 3.190562
2356 5.231660
2357 4.689837
2358 2.836300
2359 4.552139
2360 3.621470
2361 4.346529
2362 2.684224
2363 2.658955
2364 2.343981
2365 2.911859
2366 4.319849
2367 4.981714
2368 5.937125
2369 3.520544
2370 7.502422
2371 2.823531
2372 2.263295
2373 4.388587
2374 3.583332
2375 1.715733
2376 3.291873
2377 2.645957
2378 5.850514
2379 6.171057
2380 2.701346
2381 2.567174
2382 1.420227
2383 1.355011
2384 5.705671
2385 8.056280
2386 3.034367
2387 1.984770
2388 4.791930
2389 4.015549
2390 3.981521
2391 3.377683
2392 3.018971
2393 10.242671
2394 3.084004
2395 3.044268
2396 3.088646
2397 4.508004
2398 5.251402
2399 6.444006
2400 5.469590
2401 5.591241
2402 4.509691
2403 1.966255
2404 5.406953
2405 7.048199
2406 9.414966
2407 3.127744
2408 2.169888
2409 2.057087
2410 10.825906
2411 2.614502
2412 3.471385
2413 7.784291
2414 3.344154
2415 11.350504
2416 1.928300
2417 13.397853
2418 4.967166
2419 4.506296
2420 9.047774
2421 6.482509
2422 6.849271
2423 3.620594
2424 3.092420
2425 1.961399
2426 2.740094
2427 5.615396
2428 2.770103
2429 5.214241
2430 5.296645
2431 1.700184
2432 6.115898
2433 1.698077
2434 2.501661
2435 11.566670
2436 2.731578
2437 5.070520
2438 2.226286
2439 12.413008
2440 6.496586
2441 4.116079
2442 3.682715
2443 5.818710
2444 3.758424
2445 4.919647
2446 1.884728
2447 6.625146
2448 4.041824
2449 5.073987
2450 2.299602
2451 2.656912
2452 3.236709
2453 1.815672
2454 1.553720
2455 3.673773
2456 2.614387
2457 7.740804
2458 2.657859
2459 3.543818
2460 3.890786
2461 7.842845
2462 4.276954
2463 9.948421
2464 6.698342
2465 1.704686
2466 2.411401
2467 4.474613
2468 5.722130
2469 6.155389
2470 9.648712
2471 4.799452
2472 6.005237
2473 10.893412
2474 10.160435
2475 3.602098
2476 7.895525
2477 7.437827
2478 5.143191
2479 4.061280
2480 7.330528
2481 3.690370
2482 10.010592
2483 7.997413
2484 3.212902
2485 5.076663
2486 3.119004
2487 5.510592
2488 2.795963
2489 6.977962
2490 2.745455
2491 5.482309
2492 5.141020
2493 1.914409
2494 8.078201
2495 9.396281
2496 2.353184
2497 6.589881
2498 5.541883
2499 2.253454
2500 3.253619
2501 1.581489
2502 1.315075
2503 3.152957
2504 3.082516
2505 7.115370
2506 4.888943
2507 4.573605
2508 3.504436
2509 3.304193
2510 5.326637
2511 9.124646
2512 9.628407
2513 3.533522
2514 6.488886
2515 4.087178
2516 6.765312
2517 3.419767
2518 3.311400
2519 6.144966
2520 2.275108
2521 3.501571
2522 2.743898
2523 3.916391
2524 1.725201
2525 5.938096
2526 1.789052
2527 8.838426
2528 6.285211
2529 4.001559
2530 2.258053
2531 2.711135
2532 2.639121
2533 1.680097
2534 1.564391
2535 2.962480
2536 2.472952
2537 6.756333
2538 5.866364
2539 9.329089
2540 3.341838
2541 7.974852
2542 6.357424
2543 8.086874
2544 2.077036
2545 5.270755
2546 2.220838
2547 3.720802
2548 3.012161
2549 7.135790
2550 8.914703
2551 3.151586
2552 2.920209
2553 3.276253
2554 3.878089
2555 2.078197
2556 3.078713
2557 7.324756
2558 5.096960
2559 1.345833
2560 2.041068
2561 5.318024
2562 3.863808
2563 2.654518
2564 3.404725
2565 3.770653
2566 5.439728
2567 1.569606
2568 1.513565
2569 13.575372
2570 3.805219
2571 5.070191
2572 2.932738
2573 5.074845
2574 2.065417
2575 14.354579
2576 3.674429
2577 3.087802
2578 3.633453
2579 4.236233
2580 3.300296
2581 2.942415
2582 2.512055
2583 2.558938
2584 6.962374
2585 5.799239
2586 7.094296
2587 4.142615
2588 1.835936
2589 2.381492
2590 7.305381
2591 2.237489
2592 2.534268
2593 2.682573
2594 2.845935
2595 5.669312
2596 3.657012
2597 1.428770
2598 4.993416
2599 2.610473
2600 3.398339
2601 3.591571
2602 7.837919
2603 4.363259
2604 4.041116
2605 9.357759
2606 9.182383
2607 4.344588
2608 6.277172
2609 3.545918
2610 2.480669
2611 5.755047
2612 3.085294
2613 7.918364
2614 3.825384
2615 3.948885
2616 4.932742
2617 3.666976
2618 2.075131
2619 1.339606
2620 5.576809
2621 3.167386
2622 4.721952
2623 5.307256
2624 4.210302
2625 3.849097
2626 1.748487
2627 3.597231
2628 18.332012
2629 1.301821
2630 2.686306
2631 4.536810
2632 2.485488
2633 8.024514
2634 3.435630
2635 2.582655
2636 1.912860
2637 3.549335
2638 1.691826
2639 5.341738
2640 3.123551
2641 2.514164
2642 1.757524
2643 7.469496
2644 4.550095
2645 4.422526
2646 4.106680
2647 2.212911
2648 1.333068
2649 2.333458
2650 2.194234
2651 3.427133
2652 1.744323
2653 3.819172
2654 7.494119
2655 2.300529
2656 3.952483
2657 2.066453
2658 8.724742
2659 4.118177
2660 2.737402
2661 2.362140
2662 1.709746
2663 5.698960
2664 5.310107
2665 6.683608
2666 2.693738
2667 6.660969
2668 7.496916
2669 5.951551
2670 11.084006
2671 4.859251
2672 4.434520
2673 3.578182
2674 4.036917
2675 1.562414
2676 2.356909
2677 3.336727
2678 3.686325
2679 1.568759
2680 3.473490
2681 1.556184
2682 3.776455
2683 2.892089
2684 2.777641
2685 3.399350
2686 1.866177
2687 1.741476
2688 3.879162
2689 3.225329
2690 3.049687
2691 1.920255
2692 1.451239
2693 1.743062
2694 3.966199
2695 2.558951
2696 4.038525
2697 3.065578
2698 6.087015
2699 3.662261
2700 9.546829
2701 3.295975
2702 2.277645
2703 4.354404
2704 8.715448
2705 3.082326
2706 4.911643
2707 1.636046
2708 2.256265
2709 1.614228
2710 3.785908
2711 4.859160
2712 1.915867
2713 6.149244
2714 3.250044
2715 3.516550
2716 2.822778
2717 2.780024
2718 10.991559
2719 2.774482
2720 1.789692
2721 1.875327
2722 1.355410
2723 6.070429
2724 4.014581
2725 14.424670
2726 5.987139
2727 5.812220
2728 8.777335
2729 5.284377
2730 4.660902
2731 2.813177
2732 10.440059
2733 6.204329
2734 4.592044
2735 2.140903
2736 10.711658
2737 5.891810
2738 5.702733
2739 5.285461
2740 1.425017
2741 3.518806
2742 3.082432
2743 5.648338
2744 2.028556
2745 5.278957
2746 4.361490
2747 6.324762
2748 6.471357
2749 8.748459
2750 11.503640
2751 2.684412
2752 6.933196
2753 5.340502
2754 9.821319
2755 2.483701
2756 1.311493
2757 3.607190
2758 3.858258
2759 1.857982
2760 3.256755
2761 3.537612
2762 7.537035
2763 4.173633
2764 2.399569
2765 6.294458
2766 5.660038
2767 9.490126
2768 3.479181
2769 16.392761
2770 7.978478
2771 2.288393
2772 6.828118
2773 4.822936
2774 5.148590
2775 3.063018
2776 2.112545
2777 2.447000
2778 2.981957
2779 6.339425
2780 5.825449
2781 4.078450
2782 5.406086
2783 3.842768
2784 3.373398
2785 3.438152
2786 2.449170
2787 2.570334
2788 5.935145
2789 2.731894
2790 3.731341
2791 3.177562
2792 5.906573
2793 2.688248
2794 5.010578
2795 2.636231
2796 2.559558
2797 2.581871
2798 3.088276
2799 7.230283
2800 1.335916
2801 3.348322
2802 2.326347
2803 11.746133
2804 2.806678
2805 11.768891
2806 3.566982
2807 2.942930
2808 4.889748
2809 1.510463
2810 2.196312
2811 3.499178
2812 6.372508
2813 3.634076
2814 3.959185
2815 5.167594
2816 1.321302
2817 3.686270
2818 5.677746
2819 2.446412
2820 3.092368
2821 2.709526
2822 6.105747
2823 4.799242
2824 7.020018
2825 3.814470
2826 4.202364
2827 2.402913
2828 2.595047
2829 7.487772
2830 4.580466
2831 2.398870
2832 4.590775
2833 7.609221
2834 2.532486
2835 8.327798
2836 1.989047
2837 4.985155
2838 2.657274
2839 3.894709
2840 4.544226
2841 6.741055
2842 2.788083
2843 2.257179
2844 4.671517
2845 4.921439
2846 1.149440
2847 2.031825
2848 2.889466
2849 2.695040
2850 4.031281
2851 4.118478
2852 6.178042
2853 4.630332
2854 3.088267
2855 4.143260
2856 5.366900
2857 2.816076
2858 1.301062
2859 1.937342
2860 1.431739
2861 4.525071
2862 6.609471
2863 5.072303
2864 6.510189
2865 4.133089
2866 6.124504
2867 2.850657
2868 8.472762
2869 7.158753
2870 2.825006
2871 4.623816
2872 5.260618
2873 1.459254
2874 1.801506
2875 6.218249
2876 4.492380
2877 3.566423
2878 2.073675
2879 1.639073
2880 8.080972
2881 5.687295
2882 1.202918
2883 3.770085
2884 1.701709
2885 5.966950
2886 2.960172
2887 1.899567
2888 2.420910
2889 13.376995
2890 3.066404
2891 4.338363
2892 2.121467
2893 3.053038
2894 2.114943
2895 1.322381
2896 1.283254
2897 2.171983
2898 1.877474
2899 6.451100
2900 2.240956
2901 4.643501
2902 2.718784
2903 2.902296
2904 5.536392
2905 8.443394
2906 2.851039
2907 4.816836
2908 1.966779
2909 4.981028
2910 1.238562
2911 1.174699
2912 5.740719
2913 2.040195
2914 5.480109
2915 3.134956
2916 3.186565
2917 5.508920
2918 2.495803
2919 2.534713
2920 5.976402
2921 3.514153
2922 3.275230
2923 2.133137
2924 3.189750
2925 4.040708
2926 3.054235
2927 3.198045
2928 7.146117
2929 3.197456
2930 4.344679
2931 1.749638
2932 3.183017
2933 9.816474
2934 4.415141
2935 2.261047
2936 5.120952
2937 3.992117
2938 1.956558
2939 4.555223
2940 5.276712
2941 3.345639
2942 4.259407
2943 4.827298
2944 7.017788
2945 3.224153
2946 2.871599
2947 4.685517
2948 7.355000
2949 2.619567
2950 6.309953
2951 1.713065
2952 4.339109
2953 2.322990
2954 8.227936
2955 3.587237
2956 2.951748
2957 4.972039
2958 10.625516
2959 4.611082
2960 2.701067
2961 3.664189
2962 3.385019
2963 3.213326
2964 3.359468
2965 3.558286
2966 8.545874
2967 3.149404
2968 9.690117
2969 2.826288
2970 6.982054
2971 3.151717
2972 4.195801
2973 2.444248
2974 6.884541
2975 7.374255
2976 12.428833
2977 4.849097
2978 3.553931
2979 8.581112
2980 3.894473
2981 5.396063
2982 7.678557
2983 2.285921
2984 4.416998
2985 9.292212
2986 4.409860
2987 5.988907
2988 3.127721
2989 4.367645
2990 3.877942
2991 4.297256
2992 2.045480
2993 2.158894
2994 3.739024
2995 12.761084
2996 2.603288
2997 1.646050
2998 2.974539
2999 2.353749
3000 2.561225
3001 5.457304
3002 6.497850
3003 5.005125
3004 2.768213
3005 7.630764
3006 6.860058
3007 2.514516
3008 3.000587
3009 3.137528
3010 5.552670
3011 2.226789
3012 2.023011
3013 5.033907
3014 10.780449
3015 1.609659
3016 2.505382
3017 1.499640
3018 2.355443
3019 5.944575
3020 4.230693
3021 3.936322
3022 3.027386
3023 5.412393
3024 2.079335
3025 1.254924
3026 5.701630
3027 8.278938
3028 2.277773
3029 8.579738
3030 3.782614
3031 1.917179
3032 2.353263
3033 6.034403
3034 2.179414
3035 2.588966
3036 1.990020
3037 5.892541
3038 4.686223
3039 4.396456
3040 4.048786
3041 1.627265
3042 2.085471
3043 2.286078
3044 6.939903
3045 3.627758
3046 6.309394
3047 2.109579
3048 7.022076
3049 2.982513
3050 3.600902
3051 6.036652
3052 4.635207
3053 3.098086
3054 9.496305
3055 4.692056
3056 2.513856
3057 9.194221
3058 2.585976
3059 6.053790
3060 5.085689
3061 2.972271
3062 2.680370
3063 1.566782
3064 5.508566
3065 2.254820
3066 3.822517
3067 1.626485
3068 2.105726
3069 3.813948
3070 16.532051
3071 1.530333
3072 3.130026
3073 7.495879
3074 1.771726
3075 1.782269
3076 2.306136
3077 4.156353
3078 2.870526
3079 7.434951
3080 9.530536
3081 2.532904
3082 3.434036
3083 4.328952
3084 7.583830
3085 7.578561
3086 7.776684
3087 4.541520
3088 11.275521
3089 7.691039
3090 3.765184
3091 2.934969
3092 3.828667
3093 8.331821
3094 2.958281
3095 8.342104
3096 5.682763
3097 5.366044
3098 3.731125
3099 14.175803
3100 5.975772
3101 4.816388
3102 6.962924
3103 7.136019
3104 4.526318
3105 6.570810
3106 6.921379
3107 7.673833
3108 7.183933
3109 4.031553
3110 11.376661
3111 6.130947
3112 6.676107
3113 5.623743
3114 3.696451
3115 6.885263
3116 4.030548
3117 6.273948
3118 2.058659
3119 4.545621
3120 4.028467
3121 7.806755
3122 16.692492
3123 15.878332
3124 2.502471
3125 4.247845
3126 9.149200
3127 6.040270
3128 7.159309
3129 8.973292
3130 6.603204
3131 5.021797
3132 4.747639
3133 3.413484
3134 2.741180
3135 9.303720
3136 2.096336
3137 1.754819
3138 5.965700
3139 5.146941
3140 3.302226
3141 3.369464
3142 2.761149
3143 3.442395
3144 7.393426
3145 5.629586
3146 8.057432
3147 6.834957
3148 2.667009
3149 4.996412
3150 5.381932
3151 3.108137
3152 1.759780
3153 10.101248
3154 4.904768
3155 3.479296
3156 7.280157
3157 1.806412
3158 2.522688
3159 2.505164
3160 4.757187
3161 9.897866
3162 6.034695
3163 3.394246
3164 5.891787
3165 5.332584
3166 3.999651
3167 3.669529
3168 4.800175
3169 3.974075
3170 7.058553
3171 1.907421
3172 1.462849
3173 4.190737
3174 5.292916
3175 3.508652
3176 4.148640
3177 2.951656
3178 2.140454
3179 1.954163
3180 5.888083
3181 8.666620
3182 7.486786
3183 2.022532
3184 1.401408
3185 9.132735
3186 5.062017
3187 4.435370
3188 2.503672
3189 2.431059
3190 2.269922
3191 1.585774
3192 12.948118
3193 4.135509
3194 6.142048
3195 5.019557
3196 2.012690
3197 5.337830
3198 2.644117
3199 6.089991
3200 3.237451
3201 2.079852
3202 2.636307
3203 6.893713
3204 3.509927
3205 2.336876
3206 1.993130
3207 11.216140
3208 4.454428
3209 7.129707
3210 5.788035
3211 7.440405
3212 6.769772
3213 2.156485
3214 4.493227
3215 3.319867
3216 1.419451
3217 2.628652
3218 1.883955
3219 2.434464
3220 4.803652
3221 5.088126
3222 6.194781
3223 3.328726
3224 4.351840
3225 2.772459
3226 5.724683
3227 1.455820
3228 2.342730
3229 8.472043
3230 1.570453
3231 3.352072
3232 3.893599
3233 2.903025
3234 5.101379
3235 8.633215
3236 4.236216
3237 1.213112
3238 2.960323
3239 2.444221
3240 3.597788
3241 1.225999
3242 5.943226
3243 1.544700
3244 4.198495
3245 2.735845
3246 2.187117
3247 3.288514
3248 2.341373
3249 3.711886
3250 5.108133
3251 2.946922
3252 1.615660
3253 5.123093
3254 4.023065
3255 2.677975
3256 4.496801
3257 5.335349
3258 4.109880
3259 2.559433
3260 2.863729
3261 2.429390
3262 4.511994
3263 6.132445
3264 2.235106
3265 1.465003
3266 2.817691
3267 4.394319
3268 2.382417
3269 2.171719
3270 2.986844
3271 5.167766
3272 2.735077
3273 10.372820
3274 4.891666
3275 11.623108
3276 2.437131
3277 4.784503
3278 4.794858
3279 2.971873
3280 8.992218
3281 4.061307
3282 1.878320
3283 3.094293
3284 6.258404
3285 2.553127
3286 3.579380
3287 2.571078
3288 5.237540
3289 3.525180
3290 2.620887
3291 3.468560
3292 5.763343
3293 3.444959
3294 2.565854
3295 3.962442
3296 2.830898
3297 2.344161
3298 1.308735
3299 5.678878
3300 11.407763
3301 2.992556
3302 11.427191
3303 7.546754
3304 2.156222
3305 2.838487
3306 6.452247
3307 4.666470
3308 4.516622
3309 3.890172
3310 3.465436
3311 3.942349
3312 3.194163
3313 2.169671
3314 11.377728
3315 4.289842
3316 8.900024
3317 3.493411
3318 1.350395
3319 4.222444
3320 2.324196
3321 4.836882
3322 2.873368
3323 3.311882
3324 7.781113
3325 4.556279
3326 3.261704
3327 7.929328
3328 1.933051
3329 4.794145
3330 2.907283
3331 2.989484
3332 10.267735
3333 3.146030
3334 3.118698
3335 6.190248
3336 1.450891
3337 7.445686
3338 1.843439
3339 1.297917
3340 1.873110
3341 2.755438
3342 1.417088
3343 3.817359
3344 3.336365
3345 4.307989
3346 3.141974
3347 1.848390
3348 5.117675
3349 5.646315
3350 2.320569
3351 10.733763
3352 3.522612
3353 2.863765
3354 1.595832
3355 5.939818
3356 3.471399
3357 3.142383
3358 2.252659
3359 1.410487
3360 4.280591
3361 2.552532
3362 2.851624
3363 3.277134
3364 9.817737
3365 1.885860
3366 3.974767
3367 7.749900
3368 1.575715
3369 3.025898
3370 3.249864
3371 3.520330
3372 6.440787
3373 1.109789
3374 1.819283
3375 2.439759
3376 9.159492
3377 1.990707
3378 4.677734
3379 1.316900
3380 3.593375
3381 1.750142
3382 1.642634
3383 2.425653
3384 2.092308
3385 2.689664
3386 8.023106
3387 2.037829
3388 1.743986
3389 5.263348
3390 1.568965
3391 3.954677
3392 1.625524
3393 3.268347
3394 1.383443
3395 1.493706
3396 8.944713
3397 3.451596
3398 2.091985
3399 4.949670
3400 6.969965
3401 6.708990
3402 1.576993
3403 3.810375
3404 10.225155
3405 3.163244
3406 2.711274
3407 6.164492
3408 6.526268
3409 3.947578
3410 3.340682
3411 4.090737
3412 1.516083
3413 5.998206
3414 8.842721
3415 5.886054
3416 2.603750
3417 3.774139
3418 4.012535
3419 5.219588
3420 3.504985
3421 2.024110
3422 5.004206
3423 10.708444
3424 12.903790
3425 1.776171
3426 4.710554
3427 2.453197
3428 4.972369
3429 1.412007
3430 4.104849
3431 2.716995
3432 6.079802
3433 2.849672
3434 4.373119
3435 1.959233
3436 2.348336
3437 2.149848
3438 2.685688
3439 1.685623
3440 9.106244
3441 3.186311
3442 6.401308
3443 1.710234
3444 3.716034
3445 2.155787
3446 7.674047
3447 4.003765
3448 1.724829
3449 1.282131
3450 3.374631
3451 7.664965
3452 1.992045
3453 3.911144
3454 4.250687
3455 2.122211
3456 2.271217
3457 4.982072
3458 4.644066
3459 2.976329
3460 4.674163
3461 2.607584
3462 5.223520
3463 1.681021
3464 5.535399
3465 6.939933
3466 1.753075
3467 4.515869
3468 3.476436
3469 2.970097
3470 5.064383
3471 2.217071
3472 2.872391
3473 2.855031
3474 3.759643
3475 2.074335
3476 4.329287
3477 3.170452
3478 2.770941
3479 3.525015
3480 2.554694
3481 6.885767
3482 4.968572
3483 5.819975
3484 5.698091
3485 6.694918
3486 2.182774
3487 1.693173
3488 1.542277
3489 2.083669
3490 2.258721
3491 3.002391
3492 2.898820
3493 3.147193
3494 2.225464
3495 3.315490
3496 3.203976
3497 4.149681
3498 7.617659
3499 3.343931
3500 3.140486
3501 2.740979
3502 4.625476
3503 2.857546
3504 1.843781
3505 1.641221
3506 1.222259
3507 1.173607
3508 1.357356
3509 1.510557
3510 1.216523
3511 1.869368
3512 4.503581
3513 2.789081
3514 4.149104
3515 2.120643
3516 8.702856
3517 2.598535
3518 1.756796
3519 1.826103
3520 6.421808
3521 4.320007
3522 2.132874
3523 4.304602
3524 2.742070
3525 2.529600
3526 2.994006
3527 3.991165
3528 6.010155
3529 4.565589
3530 3.817443
3531 2.156667
3532 6.827201
3533 2.506026
3534 2.863895
3535 4.923497
3536 4.466191
3537 1.712094
3538 5.537299
3539 6.260952
3540 8.443884
3541 2.566244
3542 1.690830
3543 2.835851
3544 3.236844
3545 4.348773
3546 1.783526
3547 1.941459
3548 1.538486
3549 4.877994
3550 1.674244
3551 2.737276
3552 6.285554
3553 2.092030
3554 3.205685
3555 2.241841
3556 2.173195
3557 4.071977
3558 6.468523
3559 5.416742
3560 3.436499
3561 2.744294
3562 4.499502
3563 2.117740
3564 6.093041
3565 8.702970
3566 4.432258
3567 1.473331
3568 10.408440
3569 4.126421
3570 2.374438
3571 3.670430
3572 5.137460
3573 5.456491
3574 12.093735
3575 1.758331
3576 4.416505
3577 1.493741
3578 2.638284
3579 1.502366
3580 1.144781
3581 1.299164
3582 3.438567
3583 3.472320
3584 3.020647
3585 5.894909
3586 1.692259
3587 1.795104
3588 2.841481
3589 5.230444
3590 4.334594
3591 5.360206
3592 5.118580
3593 6.772024
3594 1.532655
3595 4.242478
3596 3.431705
3597 2.684632
3598 6.782304
3599 5.832583
3600 3.263227
3601 1.519590
3602 4.943682
3603 6.367552
3604 2.873096
3605 2.718188
3606 2.166104
3607 2.854446
3608 7.210978
3609 3.476355
3610 2.967107
3611 1.495087
3612 3.692695
3613 7.842939
3614 1.455543
3615 5.560545
3616 1.771181
3617 4.543943
3618 3.714537
3619 10.153397
3620 4.157977
3621 2.046705
3622 3.084240
3623 1.031599
3624 4.361831
3625 7.378440
3626 6.350635
3627 8.197700
3628 6.971138
3629 2.280362
3630 2.237043
3631 2.013256
3632 7.555475
3633 2.698913
3634 1.593227
3635 1.753920
3636 1.473318
3637 6.341613
3638 4.203368
3639 3.607279
3640 5.839267
3641 6.698040
3642 3.214779
3643 3.222071
3644 2.804558
3645 2.775241
3646 3.192928
3647 9.204428
3648 1.137943
3649 4.278862
3650 3.685789
3651 3.996505
3652 1.223943
3653 4.092900
3654 7.622364
3655 3.668335
3656 4.495641
3657 8.255878
3658 1.419093
3659 1.093930
3660 3.588935
3661 3.718665
3662 3.250060
3663 4.416951
3664 2.369582
3665 3.283330
3666 2.682865
3667 2.432396
3668 1.677162
3669 3.338126
3670 1.581176
3671 2.608799
3672 1.082096
3673 3.955079
3674 1.352890
3675 1.861211
3676 3.374968
3677 2.466202
3678 1.312284
3679 4.914305
3680 11.801545
3681 1.358967
3682 1.964195
3683 4.742262
3684 2.692977
3685 5.910731
3686 1.515669
3687 3.309398
3688 1.916476
3689 2.370689
3690 1.763258
3691 6.581613
3692 2.830392
3693 3.485953
3694 2.710048
3695 1.487004
3696 4.666254
3697 2.651185
3698 2.136606
3699 2.608465
3700 2.206560
3701 3.899533
3702 1.138767
3703 1.192105
3704 2.392475
3705 1.541586
3706 1.475429
3707 2.086557
3708 4.432784
3709 1.826956
3710 5.177477
3711 1.681468
3712 8.191430
3713 1.194415
3714 2.719827
3715 3.035218
3716 1.978769
3717 6.124239
3718 5.417610
3719 1.353047
3720 4.688527
3721 1.476049
3722 2.088117
3723 1.926593
3724 1.642884
3725 1.096073
3726 1.954766
3727 4.597859
3728 1.247211
3729 2.085846
3730 1.890535
3731 3.083074
3732 1.892150
3733 3.593286
3734 4.468354
3735 5.567931
3736 1.068657
3737 6.137348
3738 1.377490
3739 1.212487
3740 7.108346
3741 5.113076
3742 1.374302
3743 2.443032
3744 2.058864
3745 1.852319
3746 1.729253
3747 1.888419
3748 2.147893
3749 2.832266
3750 2.051869
3751 1.771261
3752 1.114228
3753 5.296466
3754 2.065141
3755 1.683563
3756 1.119303
3757 1.934542
3758 5.694797
3759 4.353820
3760 1.298999
3761 1.412278
3762 1.463327
3763 8.475416
3764 1.933139
3765 1.876553
3766 4.903821
3767 5.428243
3768 2.847378
3769 4.851876
3770 1.127858
3771 1.699763
3772 1.566019
3773 5.232599
3774 4.110515
3775 1.867393
3776 2.340446
3777 1.393047
3778 3.945825
3779 2.251825
3780 3.441044
3781 2.953449
3782 6.993716
3783 1.730047
3784 1.086635
3785 1.122550
3786 6.848898
3787 1.122998
3788 2.953895
3789 2.141922
3790 2.292008
3791 1.910638
3792 1.498570
3793 3.389809
3794 1.410640
3795 7.806040
3796 4.234225
3797 1.188310
3798 6.499761
3799 1.033942
3800 1.393307
3801 1.669683
3802 4.529577
3803 1.864457
3804 1.417563
3805 1.914597
3806 1.363656
3807 2.424938
3808 5.530919
3809 1.632250
3810 1.088836
3811 1.837932
3812 1.642439
3813 5.844979
3814 4.069159
3815 1.381897
3816 2.970033
3817 1.056311
3818 1.641680
3819 1.218646
3820 1.550907
3821 5.778912
3822 1.994024
3823 2.590741
3824 5.872500
3825 1.311033
3826 2.166587
3827 1.697260
3828 2.935281
3829 3.077825
3830 6.710779
3831 5.337089
3832 4.078118
3833 1.494273
3834 4.355859
3835 4.684608
3836 1.752309
3837 2.866013
3838 1.253230
3839 2.246820
3840 1.627487
3841 3.385713
3842 3.496634
3843 7.426630
3844 4.573718
3845 2.084160
3846 8.883279
3847 1.482049
3848 3.244269
3849 1.602020
3850 1.026096
3851 1.432270
3852 1.285326
3853 4.172976
3854 6.035483
3855 4.717734
3856 1.495595
3857 1.317290
3858 5.359968
3859 1.650956
3860 1.097634
3861 4.473749
3862 3.479257
3863 5.869241
3864 5.073119
3865 3.376582
3866 2.404415
3867 4.198565
3868 2.488428
3869 7.763564
3870 3.918763
3871 2.537981
3872 4.617244
3873 4.458231
3874 6.621692
3875 5.146805
3876 4.271513
3877 3.839871
3878 2.618027
3879 5.437643
3880 2.673318
3881 2.771399
3882 1.100632
3883 2.821200
3884 1.647680
3885 6.332552
3886 2.704655
3887 14.367443
3888 4.452986
3889 3.242206
3890 4.268928
3891 3.609818
3892 2.697429
3893 5.222810
3894 4.056909
3895 6.032149
3896 10.418262
3897 2.754582
3898 4.596817
3899 3.280932
3900 8.445140
3901 3.394270
3902 5.717663
3903 3.100004
3904 5.545221
3905 9.646210
3906 3.468764
3907 9.354477
3908 1.548695
3909 1.077060
3910 1.968422
3911 2.429305
3912 4.342229
3913 2.926275
3914 2.666263
3915 1.953564
3916 4.213027
3917 5.576589
3918 3.457353
3919 2.837612
3920 5.610581
3921 2.895281
3922 5.052812
3923 2.462743
3924 7.184492
3925 7.112422
3926 4.354167
3927 9.942654
3928 4.843688
3929 1.576182
3930 2.412055
3931 4.216011
3932 6.200564
3933 2.185741
3934 8.084441
3935 7.881845
3936 4.350683
3937 5.620569
3938 1.712534
3939 5.985099
3940 1.388833
3941 2.352837
3942 7.377658
3943 3.188941
3944 4.955070
3945 1.601237
3946 3.184132
3947 5.624482
3948 3.083989
3949 3.240347
3950 4.167070
3951 8.018872
3952 2.663712
3953 1.640308
3954 4.521608
3955 4.261954
3956 3.285839
3957 6.690022
3958 3.548599
3959 7.314607
3960 2.817532
3961 5.221673
3962 2.281287
3963 4.976487
3964 6.745259
3965 3.690987
3966 7.707712
3967 3.354023
3968 1.523946
3969 1.937617
3970 5.018687
3971 2.379713
3972 2.344286
3973 1.600052
3974 6.501101
3975 2.316396
3976 2.385341
3977 2.895298
3978 4.000527
3979 2.544596
3980 4.681587
3981 7.815298
3982 1.388306
3983 3.649826
3984 1.841001
3985 2.200819
3986 8.217746
3987 5.525382
3988 3.806941
3989 4.114354
3990 4.827381
3991 2.734369
3992 8.487625
3993 4.935134
3994 2.924988
3995 8.636786
3996 2.700792
3997 6.790918
3998 2.505908
3999 1.924725
