0 30.743383
1 32.446903
2 35.907703
3 37.907539
4 35.105064
5 37.634914
6 34.347675
7 28.414072
8 35.427944
9 29.664694
10 27.687557
11 31.884350
12 27.661501
13 37.247646
14 27.043461
15 31.262274
16 29.032665
17 31.029428
18 31.960232
19 27.912985
20 27.810646
21 28.974413
22 28.060469
23 28.776308
24 25.638296
25 35.732143
26 23.668049
27 25.797508
28 27.496616
29 28.908947
30 35.006756
31 28.073622
32 26.289446
33 23.053148
34 28.783548
35 26.763163
36 24.155283
37 34.478378
38 23.674929
39 22.698948
40 25.323290
41 23.596403
42 25.101284
43 25.898140
44 25.523756
45 24.712763
46 22.167639
47 30.261898
48 28.504448
49 27.170488
50 29.237724
51 28.940453
52 22.749964
53 26.442196
54 28.438759
55 19.640329
56 32.008274
57 20.824650
58 23.781044
59 31.102142
60 21.586010
61 24.390957
62 26.048832
63 20.309763
64 28.360302
65 19.011383
66 29.841658
67 20.659164
68 25.686672
69 22.653578
70 23.276020
71 25.799595
72 19.517927
73 23.791759
74 17.058113
75 20.504927
76 23.182138
77 23.925295
78 26.159126
79 23.176798
80 26.691782
81 33.007774
82 23.476942
83 27.168530
84 20.846882
85 19.333351
86 19.445099
87 22.871637
88 22.448700
89 21.894928
90 24.968935
91 20.937115
92 17.914885
93 21.406380
94 25.314857
95 20.277901
96 21.213125
97 14.809028
98 19.291630
99 18.971210
100 22.619246
101 16.984457
102 28.846571
103 27.249577
104 20.007868
105 23.533522
106 20.221558
107 21.440092
108 20.665928
109 19.684656
110 15.178525
111 26.844473
112 15.889924
113 15.353305
114 23.018549
115 20.374596
116 20.864750
117 21.997078
118 18.025852
119 20.267849
120 22.333612
121 15.151330
122 20.173313
123 20.766743
124 19.418728
125 22.630074
126 18.231297
127 18.776005
128 22.349339
129 20.523149
130 14.620499
131 22.376207
132 23.299435
133 18.053806
134 16.427935
135 20.840733
136 14.001548
137 24.698486
138 21.124332
139 18.421436
140 19.103813
141 23.087097
142 17.585300
143 23.812094
144 23.083549
145 27.096039
146 15.557434
147 25.729956
148 22.244658
149 20.131655
150 18.393856
151 22.235413
152 21.498121
153 22.591997
154 18.543659
155 13.860903
156 24.317329
157 16.928101
158 16.549908
159 21.902657
160 14.203309
161 22.387953
162 13.570300
163 24.768141
164 23.309387
165 28.582676
166 18.414154
167 18.154800
168 25.688622
169 16.130951
170 18.660543
171 16.685972
172 26.942966
173 18.404537
174 16.678694
175 20.810654
176 15.208122
177 24.202667
178 17.298653
179 17.184875
180 19.739624
181 16.110615
182 15.473059
183 17.977409
184 23.265472
185 14.452063
186 16.634573
187 16.017859
188 14.036727
189 22.281481
190 20.191217
191 13.884121
192 10.990144
193 20.126734
194 18.122541
195 22.357325
196 23.379150
197 21.184547
198 20.165331
199 19.361963
200 25.573051
201 19.409716
202 17.541218
203 13.440833
204 19.940189
205 20.075390
206 18.622019
207 20.360518
208 21.881699
209 21.835590
210 20.374987
211 24.198122
212 23.112434
213 21.483452
214 22.270424
215 19.709057
216 20.250471
217 24.707548
218 27.435019
219 26.960579
220 13.672487
221 18.623240
222 18.393513
223 14.665026
224 15.445930
225 18.771967
226 21.053774
227 21.052999
228 20.877897
229 17.165714
230 20.772419
231 17.433527
232 22.986757
233 16.962603
234 14.623751
235 20.142765
236 18.039076
237 24.104956
238 17.870070
239 22.214338
240 20.088816
241 17.890600
242 19.399689
243 23.726713
244 32.799286
245 20.471897
246 20.684921
247 22.177082
248 21.302509
249 15.414796
250 26.515160
251 22.386999
252 16.154240
253 26.029797
254 11.687510
255 21.504904
256 22.405741
257 28.460707
258 14.806802
259 19.390690
260 19.785934
261 23.480181
262 13.841572
263 15.446967
264 11.718648
265 26.627758
266 19.531048
267 17.120277
268 16.282526
269 22.269873
270 17.578495
271 21.790337
272 22.201962
273 12.518003
274 16.642275
275 17.224293
276 11.940003
277 19.252052
278 26.197615
279 15.626202
280 17.977486
281 22.794289
282 23.685873
283 20.741476
284 19.488518
285 21.843248
286 17.546595
287 21.678223
288 16.421247
289 19.298138
290 22.873634
291 17.269182
292 20.642057
293 21.529188
294 22.923214
295 18.171347
296 16.670204
297 18.450527
298 18.186911
299 17.982744
300 19.164942
301 16.565258
302 17.195351
303 17.115459
304 16.930141
305 15.710415
306 24.134716
307 14.158308
308 25.717539
309 24.915112
310 19.756470
311 19.805882
312 25.580519
313 17.173262
314 18.112312
315 21.334953
316 20.316191
317 15.956443
318 15.431403
319 15.838741
320 24.312939
321 21.527431
322 17.468676
323 13.883236
324 15.178123
325 20.217665
326 18.675627
327 23.415598
328 18.537483
329 19.473541
330 13.610136
331 22.405529
332 16.979750
333 23.988739
334 21.379198
335 16.369953
336 14.887339
337 17.958670
338 21.361811
339 18.570585
340 18.325510
341 19.919538
342 21.482203
343 18.742504
344 22.850334
345 13.316105
346 16.378582
347 13.559160
348 23.805550
349 19.940138
350 18.520664
351 15.297773
352 19.555988
353 13.455462
354 15.830312
355 17.565527
356 25.157959
357 18.958464
358 19.376604
359 15.135995
360 23.795780
361 21.262241
362 16.708273
363 20.074982
364 19.371840
365 17.295641
366 15.703493
367 16.731365
368 18.601076
369 23.955873
370 21.391649
371 19.299316
372 17.794134
373 27.144997
374 21.172905
375 12.749495
376 17.231874
377 14.581535
378 13.073582
379 15.664081
380 19.014967
381 14.259709
382 20.542599
383 23.516787
384 16.968304
385 13.159809
386 12.343706
387 17.221163
388 16.405790
389 17.331648
390 18.642126
391 14.041508
392 14.927651
393 21.315840
394 13.104528
395 16.741301
396 15.495623
397 19.574469
398 22.295258
399 18.633339
400 13.776982
401 15.876823
402 14.606099
403 12.597976
404 20.893091
405 11.360960
406 16.527233
407 19.244331
408 16.072899
409 15.381004
410 14.547348
411 14.512965
412 13.609094
413 15.422655
414 14.788488
415 17.390463
416 22.759562
417 15.859511
418 20.043488
419 19.692556
420 13.002033
421 12.436442
422 19.359583
423 16.123703
424 23.914091
425 14.310287
426 18.611519
427 14.871452
428 27.424082
429 20.602808
430 15.863505
431 13.402477
432 16.936642
433 15.929863
434 19.855085
435 22.312691
436 19.995327
437 21.127583
438 14.080868
439 20.567402
440 14.098289
441 15.785179
442 18.341118
443 20.103228
444 14.881786
445 21.433041
446 22.598673
447 21.767704
448 20.105742
449 17.194061
450 14.671213
451 21.136909
452 16.390200
453 18.142563
454 27.576777
455 21.135040
456 18.249275
457 17.143963
458 12.709666
459 18.657927
460 12.215290
461 22.899635
462 16.742302
463 19.030483
464 14.146573
465 19.970785
466 15.011802
467 11.974791
468 17.000212
469 17.274866
470 24.680065
471 14.847610
472 18.540731
473 13.150859
474 20.408861
475 20.149269
476 18.433901
477 21.777651
478 11.508347
479 14.873829
480 23.185616
481 22.490374
482 17.402067
483 13.217635
484 16.264219
485 16.669764
486 18.027487
487 13.373654
488 14.739081
489 17.364536
490 12.119316
491 19.762836
492 22.477177
493 15.576152
494 16.214638
495 13.522527
496 13.164424
497 17.118889
498 16.316771
499 16.785625
500 13.850703
501 13.690181
502 22.908047
503 13.128340
504 14.182441
505 18.101519
506 19.826786
507 17.012886
508 16.210178
509 14.543283
510 16.358458
511 18.248554
512 13.145787
513 18.182899
514 17.507181
515 16.819300
516 12.309599
517 16.078388
518 15.590439
519 16.322044
520 16.943943
521 16.608891
522 21.397797
523 16.099215
524 13.966579
525 15.590730
526 15.571774
527 17.087509
528 16.864977
529 21.889204
530 18.227991
531 13.510756
532 13.459421
533 17.785967
534 17.495562
535 22.127487
536 17.987453
537 20.514641
538 13.545507
539 20.143032
540 19.070637
541 14.979323
542 16.055145
543 21.348755
544 14.924808
545 12.942455
546 17.885166
547 14.923054
548 18.558432
549 25.950880
550 15.344491
551 24.051565
552 17.162327
553 17.970526
554 15.295873
555 17.178095
556 14.094170
557 19.116455
558 17.112535
559 22.705418
560 15.808633
561 21.800890
562 11.754398
563 14.305400
564 15.570580
565 20.477959
566 16.805428
567 16.004135
568 19.617310
569 19.236580
570 21.494778
571 15.850682
572 21.173937
573 20.236588
574 16.646955
575 17.091841
576 14.198403
577 14.432514
578 16.246601
579 19.471369
580 14.455708
581 19.546761
582 14.398618
583 18.308172
584 13.218482
585 25.090326
586 19.243528
587 17.922262
588 14.713769
589 15.098886
590 15.036933
591 14.502481
592 21.173159
593 18.630829
594 18.105516
595 13.998635
596 17.319643
597 14.167764
598 18.862801
599 18.732771
600 21.664459
601 15.616252
602 26.200796
603 15.802570
604 13.295337
605 13.292903
606 13.676387
607 17.461281
608 11.660108
609 19.654194
610 21.348030
611 17.230652
612 22.928799
613 15.334618
614 21.119854
615 12.490007
616 12.780344
617 13.928377
618 19.341888
619 14.789173
620 21.479506
621 14.242635
622 24.385683
623 14.890259
624 19.369547
625 19.253130
626 20.111809
627 17.557981
628 15.150416
629 18.173033
630 19.164303
631 11.113187
632 15.964719
633 14.352589
634 18.126488
635 15.617177
636 19.208160
637 15.230048
638 21.533268
639 17.123243
640 23.162737
641 18.110107
642 17.750759
643 22.833462
644 18.693556
645 16.044666
646 14.452785
647 18.071140
648 14.018896
649 19.205530
650 16.849766
651 10.828857
652 15.604525
653 15.362994
654 15.659312
655 19.394953
656 14.083035
657 19.983929
658 17.629181
659 18.290783
660 12.984219
661 17.100542
662 10.380410
663 18.827486
664 15.379916
665 14.458581
666 18.860502
667 15.279709
668 19.557833
669 23.778223
670 12.474270
671 17.824474
672 17.088528
673 18.863983
674 13.654153
675 16.037439
676 15.870324
677 12.059223
678 18.239088
679 21.145966
680 12.675459
681 15.591762
682 20.747318
683 26.703104
684 21.429455
685 12.687875
686 16.723488
687 15.880027
688 19.888807
689 11.401799
690 14.161160
691 18.173475
692 19.755413
693 15.405502
694 15.430173
695 14.964277
696 15.081933
697 21.212433
698 16.913113
699 12.705653
700 14.898099
701 16.067413
702 16.411177
703 17.354269
704 16.592640
705 14.349605
706 12.623167
707 11.448063
708 15.265814
709 17.702688
710 13.426130
711 13.480497
712 17.531996
713 16.088133
714 15.394404
715 17.907898
716 17.513527
717 14.251572
718 11.054919
719 23.214315
720 14.396371
721 13.729631
722 12.595910
723 16.473251
724 22.481274
725 18.063240
726 13.075175
727 15.421881
728 15.549109
729 20.642187
730 15.681837
731 7.835764
732 12.416772
733 13.783735
734 13.378152
735 17.521675
736 24.068047
737 20.844658
738 14.693089
739 20.468222
740 16.275557
741 16.740238
742 14.973056
743 17.020172
744 18.220951
745 20.144701
746 13.514816
747 15.493245
748 19.493877
749 15.190205
750 17.716791
751 15.306594
752 16.350855
753 17.694590
754 18.250816
755 13.161122
756 16.036144
757 14.529421
758 19.283302
759 24.252144
760 14.317195
761 18.225393
762 14.361821
763 17.740595
764 15.442322
765 23.501057
766 16.959410
767 23.303644
768 17.428036
769 19.412251
770 19.249218
771 19.620008
772 16.797499
773 14.453259
774 15.302052
775 18.041624
776 18.117550
777 16.410843
778 16.527208
779 17.611259
780 17.918459
781 14.708736
782 19.322771
783 14.509467
784 16.106709
785 19.237082
786 14.973092
787 9.022466
788 17.115984
789 21.507189
790 18.014332
791 14.833088
792 15.821198
793 16.451851
794 11.014401
795 20.295479
796 18.409933
797 18.748571
798 13.158191
799 23.346704
800 20.449995
801 15.500726
802 19.958384
803 18.369432
804 12.194327
805 13.875446
806 16.675388
807 13.185932
808 16.490870
809 15.037909
810 26.920082
811 24.846815
812 17.647821
813 22.221996
814 18.085857
815 21.420313
816 21.896275
817 17.192852
818 19.639015
819 12.279638
820 17.020630
821 9.830320
822 22.332294
823 14.524062
824 17.763813
825 19.457952
826 18.319481
827 13.095630
828 14.994067
829 17.827976
830 17.571186
831 18.405182
832 15.261616
833 24.356392
834 20.556976
835 20.916561
836 25.041914
837 17.550791
838 20.172621
839 12.769465
840 18.207062
841 18.416437
842 17.979399
843 14.726089
844 20.980694
845 17.081991
846 18.297186
847 15.892200
848 16.718628
849 15.267659
850 15.761708
851 15.047336
852 19.317011
853 16.962505
854 20.709360
855 16.363705
856 11.219694
857 19.215967
858 11.138690
859 26.104792
860 16.122906
861 16.273785
862 21.211996
863 10.941785
864 11.799728
865 16.473896
866 16.520233
867 13.831331
868 13.519938
869 13.991177
870 14.766528
871 17.024191
872 17.252378
873 19.630627
874 17.250397
875 18.797043
876 12.285420
877 19.310503
878 17.223186
879 17.586840
880 18.943373
881 20.227104
882 17.701302
883 19.475962
884 15.777452
885 14.985733
886 20.919199
887 19.342215
888 22.355556
889 15.278330
890 15.449836
891 12.419386
892 18.248304
893 14.159663
894 14.861368
895 15.776015
896 15.018273
897 25.884916
898 21.719490
899 14.370048
900 19.568752
901 19.366489
902 14.852761
903 12.299637
904 15.788951
905 16.475523
906 15.232239
907 14.973232
908 12.054694
909 16.329763
910 17.458569
911 19.584736
912 16.659340
913 19.913383
914 15.662168
915 15.302452
916 10.770953
917 16.427727
918 17.701014
919 14.275687
920 16.971531
921 10.867727
922 17.055286
923 17.356281
924 19.756130
925 16.049208
926 11.815085
927 22.910246
928 12.365332
929 15.382544
930 17.694769
931 17.464046
932 20.709702
933 26.609753
934 10.635900
935 19.991213
936 17.131329
937 15.328763
938 16.092455
939 14.905241
940 13.190722
941 17.757917
942 17.047531
943 15.166650
944 19.945564
945 20.596657
946 12.688738
947 12.580351
948 12.592295
949 21.201851
950 13.469916
951 18.405012
952 13.957920
953 16.033245
954 11.924025
955 19.663364
956 13.001387
957 17.220331
958 19.984924
959 20.952898
960 16.196703
961 14.904674
962 15.255809
963 13.455676
964 14.013434
965 16.096889
966 12.572180
967 16.111322
968 12.907757
969 13.835546
970 13.659629
971 13.518085
972 23.162704
973 15.800063
974 16.997118
975 14.879807
976 16.126648
977 12.664181
978 20.508457
979 17.015266
980 15.541409
981 25.167877
982 22.972700
983 15.844919
984 21.246923
985 15.776377
986 12.779122
987 21.481489
988 19.568384
989 14.817065
990 16.043139
991 15.862386
992 14.784054
993 11.550525
994 21.611313
995 20.522547
996 13.111761
997 12.530746
998 15.086821
999 19.059319
1000 20.832417
1001 21.197815
1002 12.825300
1003 13.226023
1004 13.505617
1005 11.910234
1006 11.143064
1007 14.287785
1008 21.228672
1009 12.116919
1010 16.810028
1011 13.237638
1012 12.844611
1013 16.854120
1014 20.625147
1015 21.072670
1016 14.617194
1017 14.144593
1018 19.947199
1019 18.847258
1020 17.204668
1021 19.715136
1022 9.640265
1023 16.280849
1024 16.473124
1025 7.621325
1026 16.772984
1027 11.133685
1028 10.409516
1029 17.358566
1030 13.513700
1031 17.852699
1032 15.681468
1033 25.464434
1034 19.588432
1035 14.775532
1036 21.051298
1037 16.217512
1038 14.927203
1039 15.402881
1040 19.085730
1041 20.775393
1042 19.371393
1043 16.229687
1044 19.208839
1045 16.951733
1046 14.717151
1047 19.872417
1048 11.965839
1049 26.441748
1050 16.650890
1051 11.423759
1052 19.174164
1053 16.654161
1054 18.362976
1055 20.643002
1056 9.843511
1057 20.324776
1058 20.317448
1059 17.010376
1060 14.732624
1061 14.970312
1062 19.125837
1063 14.661949
1064 16.817059
1065 12.043797
1066 13.932558
1067 20.217793
1068 23.435673
1069 15.629355
1070 18.282076
1071 13.065208
1072 18.059444
1073 13.465800
1074 13.917137
1075 18.537609
1076 16.349865
1077 10.000918
1078 13.321103
1079 15.870193
1080 17.277117
1081 18.250854
1082 22.529751
1083 18.132290
1084 17.807081
1085 15.510591
1086 12.060557
1087 18.076197
1088 11.461461
1089 15.466821
1090 17.033730
1091 13.762718
1092 15.913514
1093 18.432249
1094 17.819113
1095 15.686674
1096 14.542204
1097 17.818050
1098 21.061304
1099 13.594375
1100 25.117655
1101 14.441677
1102 10.748719
1103 17.175571
1104 11.606446
1105 12.924221
1106 12.954383
1107 17.147346
1108 17.724655
1109 18.079197
1110 12.994147
1111 13.732821
1112 12.406754
1113 15.397141
1114 16.589930
1115 17.407351
1116 23.191036
1117 16.526203
1118 18.662453
1119 16.367840
1120 16.983784
1121 13.269214
1122 14.133464
1123 17.172894
1124 16.840471
1125 12.541548
1126 17.909548
1127 14.208613
1128 18.564857
1129 18.692835
1130 14.472125
1131 14.328130
1132 17.864557
1133 20.573236
1134 17.596937
1135 17.251719
1136 17.642769
1137 21.601574
1138 21.735039
1139 16.119413
1140 11.028671
1141 11.421257
1142 13.134068
1143 19.851114
1144 11.075485
1145 16.854235
1146 14.001738
1147 15.843332
1148 13.017260
1149 9.799449
1150 19.404484
1151 16.233181
1152 15.240047
1153 23.158129
1154 18.555925
1155 21.588980
1156 20.319906
1157 18.241060
1158 16.321789
1159 15.561606
1160 16.518209
1161 21.876440
1162 13.432948
1163 17.774511
1164 24.617529
1165 12.485486
1166 19.547855
1167 11.506635
1168 18.305395
1169 15.936586
1170 20.438278
1171 17.848537
1172 14.154254
1173 14.030893
1174 18.920456
1175 16.986320
1176 18.008410
1177 18.992056
1178 18.560619
1179 19.503313
1180 16.824522
1181 15.948937
1182 16.457806
1183 19.429224
1184 17.500610
1185 15.877932
1186 16.146156
1187 20.288351
1188 14.730205
1189 16.084885
1190 15.873237
1191 12.316290
1192 19.065350
1193 17.767965
1194 17.420517
1195 17.856108
1196 15.700010
1197 14.432971
1198 21.546335
1199 19.728329
1200 19.767780
1201 11.191133
1202 17.551395
1203 15.300494
1204 21.703730
1205 15.249863
1206 15.359081
1207 19.698521
1208 14.007158
1209 12.298045
1210 17.169214
1211 22.082411
1212 18.453573
1213 12.512413
1214 19.725925
1215 18.377584
1216 12.789495
1217 25.647577
1218 13.403958
1219 17.883284
1220 21.678694
1221 10.413182
1222 18.269878
1223 16.583584
1224 12.167264
1225 14.274489
1226 15.415898
1227 20.661657
1228 17.311375
1229 15.084808
1230 14.982685
1231 14.091855
1232 21.600262
1233 18.527849
1234 20.184849
1235 14.469465
1236 22.027422
1237 21.884233
1238 17.816738
1239 11.994843
1240 21.743689
1241 19.998886
1242 14.922275
1243 14.966035
1244 17.915415
1245 17.986099
1246 12.747449
1247 16.486845
1248 16.718147
1249 24.623379
1250 10.993290
1251 18.692455
1252 19.488695
1253 12.881140
1254 17.511736
1255 15.760351
1256 12.804133
1257 16.195198
1258 20.775681
1259 15.295390
1260 15.605889
1261 12.435373
1262 18.217688
1263 21.268463
1264 16.510309
1265 15.255578
1266 20.280437
1267 12.808171
1268 19.220999
1269 17.787731
1270 17.387421
1271 14.506326
1272 12.234767
1273 14.905295
1274 10.588705
1275 16.137768
1276 11.782115
1277 19.757542
1278 16.714199
1279 14.716894
1280 14.690170
1281 16.204559
1282 17.155165
1283 15.595530
1284 14.784799
1285 18.485622
1286 13.230021
1287 11.292111
1288 12.487302
1289 17.814684
1290 10.241722
1291 19.483412
1292 13.813108
1293 16.557037
1294 16.546110
1295 17.235010
1296 19.064356
1297 10.951670
1298 13.129335
1299 21.076916
1300 17.491508
1301 22.243372
1302 16.106598
1303 14.146921
1304 17.438784
1305 17.883936
1306 21.982861
1307 14.038607
1308 19.932119
1309 10.517363
1310 14.781638
1311 18.696987
1312 21.656307
1313 16.838312
1314 21.523964
1315 16.248449
1316 20.704170
1317 18.934649
1318 20.245359
1319 17.104931
1320 17.230690
1321 17.390177
1322 24.269447
1323 20.981665
1324 13.992436
1325 22.524502
1326 14.536613
1327 16.878317
1328 12.361786
1329 14.213153
1330 12.221723
1331 18.937141
1332 13.267392
1333 15.495951
1334 16.177851
1335 15.564161
1336 16.055105
1337 10.842819
1338 14.757497
1339 21.074013
1340 17.222464
1341 19.803955
1342 18.237926
1343 17.438931
1344 14.994658
1345 18.873680
1346 17.848417
1347 14.451477
1348 14.764157
1349 13.852497
1350 13.681676
1351 15.190871
1352 14.461687
1353 12.429722
1354 17.102200
1355 19.547333
1356 14.223591
1357 13.321184
1358 15.258353
1359 17.165880
1360 14.081718
1361 17.122637
1362 15.985531
1363 16.736023
1364 14.891124
1365 23.619257
1366 18.520027
1367 14.006578
1368 18.141508
1369 14.646510
1370 12.141431
1371 18.956726
1372 17.709791
1373 13.813643
1374 11.893951
1375 15.452620
1376 20.696737
1377 18.094910
1378 22.722403
1379 12.967819
1380 16.827482
1381 19.465136
1382 15.314067
1383 17.789799
1384 15.232025
1385 17.569998
1386 10.050324
1387 19.131691
1388 11.243756
1389 18.879175
1390 20.188641
1391 17.263121
1392 16.113054
1393 17.758980
1394 15.914649
1395 19.707783
1396 18.726233
1397 13.202146
1398 16.471504
1399 21.465454
1400 20.734766
1401 12.640675
1402 18.308025
1403 16.218662
1404 14.815981
1405 16.390453
1406 19.492546
1407 16.727713
1408 16.528034
1409 13.114541
1410 17.769196
1411 10.424052
1412 15.832210
1413 23.506243
1414 16.982540
1415 15.547832
1416 14.658903
1417 12.108076
1418 14.129000
1419 19.924612
1420 13.050927
1421 15.202185
1422 15.558939
1423 15.131266
1424 14.391035
1425 21.757036
1426 22.077950
1427 8.931602
1428 15.562828
1429 18.030941
1430 14.129240
1431 12.310662
1432 16.410971
1433 13.080029
1434 17.466459
1435 15.270432
1436 20.307825
1437 14.212407
1438 17.535994
1439 18.538570
1440 13.903957
1441 14.951655
1442 14.911836
1443 14.597165
1444 14.805786
1445 14.419222
1446 23.865091
1447 14.188732
1448 16.191540
1449 13.125298
1450 16.223515
1451 12.799893
1452 14.808180
1453 15.582437
1454 13.692262
1455 12.181049
1456 17.867701
1457 19.019367
1458 18.356340
1459 18.026318
1460 16.698515
1461 15.870872
1462 19.893581
1463 18.715244
1464 15.420489
1465 17.233446
1466 20.158691
1467 15.831158
1468 13.403909
1469 13.092972
1470 13.436968
1471 22.359619
1472 14.242728
1473 15.362324
1474 16.788965
1475 21.242077
1476 13.903387
1477 13.023231
1478 16.154135
1479 15.938603
1480 20.928555
1481 12.053992
1482 16.482149
1483 14.036282
1484 20.355804
1485 13.815706
1486 16.369534
1487 16.949860
1488 12.532100
1489 15.050953
1490 13.998671
1491 15.690297
1492 15.175330
1493 11.743587
1494 11.976174
1495 14.279924
1496 11.962461
1497 9.160769
1498 19.489603
1499 19.379316
1500 19.294418
1501 17.527536
1502 25.912680
1503 17.588669
1504 12.898238
1505 15.433965
1506 17.909868
1507 18.085945
1508 17.257385
1509 19.979445
1510 14.342822
1511 16.255405
1512 22.657656
1513 19.516809
1514 19.813978
1515 14.949991
1516 15.371562
1517 15.320380
1518 12.327550
1519 12.131785
1520 15.740253
1521 16.409256
1522 18.013945
1523 14.625872
1524 18.372210
1525 15.480364
1526 17.111814
1527 11.393827
1528 15.545022
1529 12.845578
1530 18.555098
1531 13.306462
1532 15.948454
1533 11.942427
1534 18.020830
1535 18.424412
1536 15.658851
1537 18.549603
1538 18.529245
1539 18.483023
1540 10.967863
1541 20.944319
1542 17.538914
1543 14.780026
1544 13.492804
1545 13.782109
1546 12.372927
1547 10.617782
1548 15.946474
1549 18.371881
1550 22.453831
1551 11.105596
1552 12.360034
1553 12.397292
1554 15.799178
1555 22.649567
1556 12.778142
1557 14.245085
1558 17.016006
1559 21.246164
1560 17.408133
1561 10.541955
1562 17.309175
1563 21.311182
1564 19.009932
1565 18.696012
1566 15.208023
1567 14.810487
1568 13.633035
1569 14.981721
1570 13.935656
1571 13.894390
1572 12.987300
1573 9.399049
1574 19.883778
1575 17.340452
1576 21.464975
1577 12.741596
1578 17.152344
1579 13.482524
1580 20.171062
1581 21.198425
1582 16.092093
1583 14.536552
1584 14.471964
1585 14.100864
1586 18.872725
1587 15.295519
1588 14.811154
1589 14.967063
1590 13.586295
1591 15.983656
1592 18.674530
1593 13.625181
1594 17.167715
1595 16.479834
1596 16.317171
1597 13.967763
1598 25.869335
1599 18.207260
1600 19.168993
1601 13.199887
1602 14.448613
1603 19.099651
1604 22.240326
1605 18.368414
1606 15.107388
1607 15.851264
1608 18.494324
1609 17.607965
1610 18.490665
1611 15.201719
1612 18.449190
1613 17.777365
1614 15.038343
1615 15.516384
1616 17.257416
1617 23.111782
1618 15.138050
1619 11.277705
1620 14.926311
1621 15.078467
1622 16.668941
1623 11.962075
1624 20.060093
1625 17.113295
1626 20.427221
1627 15.399812
1628 13.638010
1629 12.890238
1630 20.019567
1631 19.741159
1632 17.792475
1633 21.435560
1634 10.836330
1635 12.183943
1636 15.032360
1637 13.959909
1638 17.616428
1639 17.909964
1640 12.007295
1641 16.564196
1642 19.486652
1643 18.447361
1644 13.310270
1645 17.857359
1646 11.218541
1647 13.717630
1648 12.163801
1649 22.062487
1650 21.344936
1651 15.874906
1652 14.220015
1653 14.033801
1654 15.461919
1655 19.573477
1656 16.216413
1657 17.489614
1658 14.961620
1659 18.022367
1660 14.082363
1661 14.759700
1662 17.304632
1663 17.871098
1664 19.192440
1665 13.936973
1666 12.131764
1667 20.803484
1668 17.811960
1669 12.962286
1670 14.308572
1671 14.295543
1672 14.622762
1673 19.165257
1674 18.533579
1675 19.780378
1676 18.871582
1677 17.129530
1678 17.323902
1679 13.190679
1680 15.986670
1681 21.269863
1682 17.798862
1683 13.659922
1684 15.009273
1685 16.172974
1686 10.233056
1687 17.549992
1688 23.994368
1689 21.658010
1690 18.643623
1691 20.183872
1692 11.064282
1693 13.686584
1694 15.443748
1695 14.065771
1696 12.602500
1697 16.510038
1698 18.080498
1699 15.011303
1700 23.057352
1701 18.684519
1702 12.620409
1703 13.480898
1704 15.230796
1705 16.052042
1706 10.172489
1707 16.783867
1708 10.902137
1709 15.731696
1710 20.577600
1711 17.772036
1712 14.664523
1713 21.270298
1714 14.600578
1715 19.281298
1716 15.262321
1717 19.560678
1718 20.374289
1719 25.530371
1720 15.081660
1721 16.823206
1722 13.556262
1723 20.447042
1724 16.374943
1725 11.164778
1726 16.715620
1727 15.001728
1728 11.650560
1729 16.132671
1730 20.063711
1731 18.901228
1732 15.046009
1733 16.937281
1734 16.836700
1735 16.878376
1736 13.390775
1737 12.782815
1738 16.648375
1739 16.480490
1740 12.690497
1741 13.704961
1742 11.033867
1743 14.579188
1744 15.014667
1745 12.399199
1746 15.506715
1747 14.214199
1748 19.409710
1749 20.188000
1750 13.349088
1751 15.921520
1752 21.185307
1753 15.836853
1754 18.232483
1755 16.849012
1756 16.347160
1757 12.984536
1758 17.323790
1759 15.589963
1760 19.608948
1761 13.570011
1762 27.173622
1763 14.696655
1764 17.205452
1765 13.190687
1766 11.296196
1767 16.588774
1768 16.690712
1769 20.732159
1770 12.675361
1771 15.062045
1772 17.023867
1773 15.034583
1774 16.233402
1775 26.137970
1776 12.040969
1777 16.964277
1778 11.687402
1779 11.111425
1780 21.440063
1781 14.011187
1782 18.802328
1783 17.984329
1784 11.413923
1785 16.623005
1786 11.092896
1787 12.154486
1788 11.546684
1789 16.913954
1790 17.345274
1791 19.156624
1792 19.037371
1793 13.198047
1794 16.675991
1795 21.201698
1796 18.842007
1797 15.802043
1798 15.553041
1799 12.150022
1800 11.984809
1801 7.775460
1802 12.389218
1803 10.037013
1804 14.279284
1805 13.820210
1806 20.034145
1807 9.097167
1808 17.706478
1809 16.408342
1810 19.680267
1811 17.096811
1812 18.706968
1813 16.336561
1814 17.489613
1815 9.921846
1816 11.978873
1817 12.304523
1818 16.592072
1819 21.357744
1820 17.227943
1821 15.396006
1822 10.763926
1823 13.321726
1824 18.393209
1825 15.911783
1826 11.389199
1827 13.167382
1828 9.105852
1829 16.930506
1830 14.292065
1831 15.035856
1832 22.615068
1833 16.577501
1834 14.725033
1835 15.610668
1836 19.482643
1837 21.038021
1838 21.998798
1839 21.047913
1840 18.364695
1841 17.513273
1842 21.840467
1843 16.805851
1844 12.542450
1845 13.206150
1846 21.573599
1847 15.810187
1848 19.989580
1849 16.030699
1850 13.817084
1851 11.394547
1852 12.385739
1853 11.902849
1854 22.289459
1855 13.688765
1856 19.234886
1857 15.651194
1858 10.985584
1859 18.816696
1860 14.375344
1861 17.149679
1862 14.558955
1863 20.943047
1864 15.206779
1865 15.722160
1866 14.056650
1867 18.415121
1868 14.894702
1869 16.111332
1870 13.637675
1871 13.397481
1872 21.340698
1873 13.943771
1874 16.634703
1875 13.280310
1876 17.159136
1877 14.379742
1878 13.945324
1879 15.097765
1880 13.727761
1881 17.445957
1882 15.297779
1883 16.746735
1884 15.678256
1885 17.621454
1886 9.461312
1887 16.837038
1888 15.684833
1889 15.456113
1890 13.990506
1891 11.663218
1892 12.937631
1893 10.933259
1894 14.687695
1895 12.986779
1896 10.789368
1897 19.622644
1898 11.340055
1899 13.127487
1900 18.167419
1901 20.664534
1902 7.842474
1903 20.034929
1904 15.450994
1905 11.673242
1906 15.419137
1907 15.746377
1908 19.302803
1909 16.357327
1910 17.407299
1911 11.730059
1912 15.667201
1913 19.859411
1914 14.698339
1915 20.659575
1916 16.944105
1917 11.957070
1918 11.403403
1919 14.897675
1920 12.101089
1921 24.676334
1922 12.803386
1923 18.962961
1924 19.095533
1925 16.518639
1926 17.457514
1927 12.635542
1928 13.194974
1929 8.991817
1930 16.824697
1931 15.565022
1932 14.129841
1933 14.253413
1934 14.592723
1935 15.796723
1936 16.754711
1937 17.248213
1938 16.690983
1939 12.816517
1940 17.053692
1941 16.836792
1942 14.869699
1943 17.399485
1944 17.095371
1945 15.826611
1946 15.036396
1947 16.516964
1948 10.935481
1949 18.591307
1950 14.649254
1951 17.196629
1952 13.583019
1953 10.791562
1954 20.637642
1955 15.630710
1956 16.046268
1957 13.506039
1958 13.377018
1959 22.422415
1960 14.097849
1961 22.215256
1962 15.759460
1963 14.683189
1964 16.697941
1965 15.732842
1966 17.935104
1967 9.924979
1968 17.574890
1969 11.319580
1970 19.459606
1971 19.074028
1972 12.658431
1973 13.990482
1974 12.988283
1975 14.686313
1976 15.744815
1977 15.002006
1978 20.815125
1979 18.030132
1980 14.563439
1981 15.028078
1982 16.259468
1983 13.710153
1984 13.634509
1985 15.174365
1986 15.585427
1987 19.928391
1988 11.639615
1989 15.329885
1990 21.498344
1991 15.146045
1992 19.185585
1993 15.036421
1994 16.379377
1995 12.479690
1996 13.357109
1997 16.395842
1998 19.857107
1999 12.370292
2000 10.396634
2001 14.881470
2002 16.090467
2003 18.516249
2004 17.502739
2005 11.736694
2006 14.750888
2007 12.916600
2008 13.408195
2009 12.786739
2010 13.802334
2011 17.077400
2012 17.794954
2013 18.637321
2014 10.579961
2015 13.882485
2016 24.656162
2017 23.089556
2018 18.925823
2019 13.350605
2020 11.744519
2021 16.463676
2022 11.329299
2023 12.828121
2024 16.413517
2025 14.302843
2026 14.903261
2027 16.134325
2028 14.591725
2029 22.473650
2030 12.171819
2031 16.192266
2032 15.576854
2033 16.044262
2034 22.170366
2035 17.655310
2036 20.536236
2037 15.782127
2038 18.159321
2039 16.256975
2040 14.505033
2041 20.277128
2042 16.809866
2043 21.415325
2044 13.681664
2045 16.482754
2046 21.055281
2047 17.689219
2048 18.293968
2049 15.634223
2050 18.324697
2051 13.122263
2052 16.420973
2053 13.448605
2054 11.395296
2055 11.231923
2056 15.685209
2057 15.704542
2058 14.375689
2059 11.169507
2060 13.992638
2061 13.314155
2062 15.039985
2063 14.015244
2064 13.462031
2065 12.439634
2066 18.776691
2067 14.712071
2068 19.124790
2069 19.417480
2070 17.157440
2071 15.922667
2072 21.358664
2073 13.861057
2074 14.506022
2075 17.151426
2076 13.880958
2077 14.812683
2078 16.522463
2079 11.834137
2080 13.252114
2081 11.912282
2082 16.015455
2083 16.405586
2084 23.326036
2085 14.196523
2086 23.243185
2087 21.425795
2088 13.321055
2089 17.805534
2090 18.847235
2091 8.917233
2092 16.752968
2093 21.530127
2094 19.603323
2095 19.056366
2096 14.185248
2097 14.552846
2098 17.682102
2099 18.122332
2100 15.601655
2101 16.853952
2102 13.345111
2103 14.485361
2104 16.616364
2105 15.198369
2106 15.170240
2107 22.773024
2108 16.482714
2109 18.419281
2110 16.356550
2111 21.265507
2112 17.531025
2113 16.138935
2114 12.590229
2115 14.942440
2116 15.163823
2117 19.508911
2118 20.197840
2119 14.948809
2120 13.403635
2121 15.053509
2122 16.979092
2123 15.901318
2124 16.238392
2125 12.185129
2126 15.700000
2127 17.868132
2128 15.503680
2129 18.970093
2130 16.092554
2131 14.381291
2132 16.162647
2133 11.819255
2134 19.091036
2135 13.208852
2136 12.947854
2137 15.696469
2138 18.992207
2139 15.820627
2140 13.982917
2141 15.293986
2142 15.204283
2143 16.739300
2144 20.092602
2145 16.872353
2146 12.910656
2147 11.219445
2148 12.878955
2149 16.487892
2150 16.328894
2151 9.698980
2152 15.082387
2153 17.325678
2154 15.325778
2155 18.659016
2156 14.745714
2157 15.921258
2158 17.111546
2159 21.625620
2160 13.196223
2161 14.628923
2162 17.138344
2163 12.554349
2164 14.970753
2165 20.041346
2166 21.084414
2167 12.603383
2168 16.609812
2169 14.508508
2170 18.028839
2171 10.721224
2172 12.219099
2173 17.536572
2174 21.043520
2175 16.313652
2176 16.446327
2177 14.452724
2178 16.759050
2179 16.123291
2180 11.535398
2181 17.409742
2182 16.764530
2183 19.315132
2184 13.087214
2185 10.562152
2186 15.864680
2187 17.375673
2188 11.334083
2189 10.099305
2190 12.610439
2191 11.154883
2192 9.117871
2193 13.586696
2194 11.352064
2195 16.744141
2196 16.265514
2197 13.489438
2198 15.831458
2199 15.871305
2200 23.810516
2201 11.788470
2202 16.081440
2203 9.599397
2204 17.893614
2205 17.297224
2206 14.218637
2207 18.005402
2208 14.744665
2209 19.814262
2210 17.199255
2211 15.626928
2212 17.488171
2213 17.770802
2214 11.577364
2215 10.314383
2216 15.824982
2217 22.981831
2218 14.163234
2219 12.112150
2220 18.153337
2221 19.582693
2222 14.986123
2223 12.499477
2224 13.815244
2225 13.043641
2226 15.121755
2227 10.271425
2228 14.696648
2229 18.839153
2230 12.822668
2231 15.337600
2232 9.473784
2233 17.437956
2234 12.419418
2235 11.444039
2236 12.825419
2237 11.737944
2238 16.749857
2239 18.117140
2240 15.650112
2241 13.074132
2242 17.276903
2243 9.490289
2244 14.138869
2245 14.389650
2246 20.058100
2247 13.329238
2248 14.740014
2249 16.028618
2250 13.098308
2251 15.165751
2252 11.042432
2253 15.010076
2254 21.776474
2255 19.214113
2256 17.884939
2257 12.784539
2258 16.205196
2259 16.150501
2260 16.087601
2261 17.423788
2262 12.809402
2263 14.089994
2264 9.960454
2265 13.854768
2266 20.701918
2267 15.814159
2268 17.134163
2269 17.035063
2270 16.338102
2271 15.153815
2272 14.745912
2273 12.438821
2274 15.839726
2275 9.842904
2276 17.367590
2277 19.917830
2278 14.051668
2279 15.420177
2280 13.412185
2281 18.303288
2282 17.146452
2283 17.960592
2284 16.358679
2285 14.305212
2286 18.342873
2287 11.587794
2288 16.530909
2289 17.467018
2290 19.635250
2291 14.605815
2292 20.679348
2293 12.638607
2294 11.178898
2295 14.870897
2296 11.182854
2297 17.785658
2298 16.764160
2299 20.420214
2300 17.688856
2301 18.599251
2302 14.095239
2303 16.572592
2304 13.938256
2305 11.262932
2306 14.180740
2307 15.858727
2308 17.373146
2309 14.697303
2310 17.126770
2311 16.855577
2312 11.187639
2313 16.219059
2314 15.388818
2315 15.392489
2316 22.082397
2317 13.966153
2318 18.457075
2319 17.717432
2320 14.332844
2321 14.252177
2322 17.243151
2323 9.748013
2324 16.405605
2325 23.253298
2326 19.154884
2327 12.334132
2328 12.271712
2329 13.346594
2330 18.164501
2331 12.264880
2332 14.503345
2333 10.873452
2334 11.024777
2335 16.291199
2336 22.671127
2337 13.102954
2338 18.900829
2339 13.361657
2340 13.202018
2341 12.895599
2342 14.390272
2343 19.727228
2344 12.462761
2345 13.569345
2346 15.171494
2347 14.508122
2348 15.220429
2349 19.921125
2350 11.589465
2351 13.487400
2352 13.118317
2353 11.910618
2354 13.555553
2355 22.136835
2356 13.553704
2357 18.901291
2358 9.631463
2359 15.346396
2360 15.222438
2361 16.963091
2362 12.065749
2363 17.183483
2364 12.481472
2365 16.244377
2366 14.602639
2367 14.109255
2368 9.504746
2369 16.520329
2370 21.347935
2371 17.914082
2372 18.343994
2373 23.111942
2374 8.249163
2375 17.413786
2376 13.081815
2377 20.488667
2378 12.181261
2379 18.798351
2380 18.536879
2381 13.579307
2382 13.040930
2383 17.028568
2384 17.347729
2385 12.818294
2386 12.808312
2387 18.952776
2388 14.411318
2389 18.154556
2390 17.925611
2391 19.643068
2392 17.547548
2393 14.953315
2394 12.765761
2395 16.412903
2396 11.902025
2397 16.802910
2398 13.557810
2399 17.659481
2400 11.453535
2401 15.982776
2402 12.003101
2403 13.117712
2404 18.743422
2405 19.081316
2406 22.545319
2407 12.992227
2408 15.452641
2409 9.480084
2410 19.515472
2411 17.271147
2412 12.861365
2413 18.918091
2414 13.264982
2415 14.139331
2416 18.248901
2417 20.336447
2418 17.342445
2419 13.016286
2420 20.280819
2421 15.338473
2422 14.591972
2423 19.412758
2424 13.783143
2425 16.069071
2426 12.585212
2427 16.194530
2428 15.018719
2429 15.199058
2430 16.767529
2431 13.578498
2432 16.258183
2433 14.815691
2434 21.711123
2435 16.572771
2436 18.179815
2437 18.274347
2438 16.204512
2439 18.288094
2440 15.550132
2441 17.131079
2442 15.403964
2443 13.414989
2444 15.206667
2445 11.763194
2446 11.232807
2447 15.602424
2448 11.738015
2449 13.539242
2450 15.578144
2451 17.693296
2452 11.225338
2453 12.890267
2454 12.513057
2455 15.306552
2456 18.293285
2457 14.712993
2458 12.271175
2459 18.013033
2460 13.450298
2461 12.011462
2462 18.866316
2463 20.357435
2464 17.424673
2465 9.851309
2466 11.014315
2467 15.402524
2468 14.360424
2469 13.383685
2470 18.968321
2471 19.894348
2472 18.357117
2473 16.194479
2474 16.324581
2475 9.739202
2476 13.939912
2477 18.433708
2478 11.478814
2479 15.085855
2480 18.421347
2481 16.815830
2482 21.774384
2483 14.463973
2484 22.112707
2485 14.234393
2486 22.782173
2487 14.653281
2488 20.012922
2489 15.435718
2490 11.414701
2491 20.358706
2492 13.473904
2493 15.265954
2494 16.593466
2495 14.190741
2496 13.657116
2497 13.260180
2498 15.923298
2499 19.275530
2500 14.524423
2501 14.147694
2502 13.733398
2503 9.376366
2504 13.539143
2505 8.571093
2506 12.089900
2507 20.718830
2508 15.141829
2509 17.767019
2510 19.392206
2511 16.867069
2512 13.437629
2513 15.915300
2514 17.965122
2515 15.066220
2516 15.167177
2517 11.443531
2518 19.843039
2519 12.828156
2520 18.699131
2521 16.147888
2522 21.615210
2523 22.589394
2524 15.436259
2525 17.820797
2526 11.079660
2527 16.300371
2528 15.930238
2529 13.194286
2530 18.749224
2531 17.274788
2532 14.505883
2533 15.200612
2534 15.883357
2535 13.132647
2536 21.264257
2537 14.841867
2538 15.016235
2539 17.190208
2540 16.828505
2541 16.405050
2542 14.607573
2543 15.809426
2544 13.511259
2545 10.523832
2546 15.863676
2547 18.261608
2548 12.083259
2549 15.063333
2550 20.728497
2551 14.493832
2552 11.536575
2553 8.417428
2554 14.701596
2555 19.477335
2556 12.247993
2557 17.233297
2558 16.647430
2559 16.797276
2560 15.173162
2561 19.264626
2562 16.899086
2563 17.714502
2564 12.245457
2565 13.229712
2566 14.582372
2567 10.257309
2568 16.585676
2569 18.144220
2570 15.851820
2571 11.058251
2572 19.566788
2573 14.245316
2574 16.380617
2575 20.365135
2576 14.575937
2577 13.585590
2578 10.837821
2579 18.221100
2580 18.469934
2581 10.959738
2582 12.020173
2583 17.276331
2584 16.290796
2585 16.378555
2586 16.172905
2587 20.265856
2588 10.825040
2589 14.387188
2590 14.589166
2591 16.597759
2592 14.538492
2593 14.153405
2594 11.381166
2595 12.156081
2596 18.959459
2597 11.711275
2598 13.435976
2599 14.360526
2600 12.463590
2601 16.176695
2602 16.633165
2603 12.396743
2604 16.221045
2605 15.550432
2606 19.861219
2607 15.998971
2608 14.386903
2609 12.187539
2610 14.103893
2611 16.637184
2612 15.917839
2613 16.633694
2614 11.971675
2615 15.067800
2616 21.786720
2617 14.279695
2618 12.599627
2619 15.015451
2620 13.358663
2621 15.505068
2622 17.092020
2623 12.363288
2624 20.054274
2625 12.811144
2626 14.458579
2627 15.985135
2628 22.897896
2629 11.482612
2630 13.285738
2631 11.630445
2632 17.537886
2633 15.288333
2634 10.835217
2635 13.586639
2636 12.658370
2637 19.164999
2638 12.362222
2639 15.256462
2640 19.238628
2641 17.011051
2642 14.549960
2643 14.473580
2644 14.001598
2645 13.319816
2646 16.593443
2647 15.435736
2648 19.454153
2649 14.494020
2650 12.684524
2651 17.336201
2652 22.838230
2653 18.432182
2654 21.410030
2655 17.192749
2656 10.224312
2657 18.201855
2658 15.499815
2659 18.063871
2660 14.643289
2661 18.231138
2662 15.440702
2663 22.050591
2664 13.167060
2665 15.030912
2666 14.237097
2667 21.069550
2668 21.050747
2669 13.079957
2670 15.073203
2671 14.445358
2672 18.885023
2673 15.722649
2674 13.338796
2675 10.175076
2676 18.049351
2677 16.456301
2678 21.444170
2679 18.111895
2680 15.796140
2681 12.801882
2682 11.426191
2683 16.658972
2684 9.675653
2685 14.851568
2686 17.345812
2687 13.405885
2688 23.661486
2689 14.037751
2690 19.653929
2691 13.846018
2692 18.679569
2693 16.568956
2694 15.325370
2695 14.136775
2696 20.720371
2697 13.943931
2698 20.961084
2699 14.780506
2700 17.850801
2701 21.033396
2702 16.827301
2703 13.714195
2704 17.433170
2705 15.380557
2706 11.106826
2707 17.641569
2708 17.015705
2709 11.206960
2710 18.567125
2711 18.190781
2712 9.309461
2713 24.026978
2714 18.772886
2715 14.807178
2716 17.772533
2717 12.535239
2718 25.584589
2719 15.218764
2720 13.058690
2721 11.546654
2722 15.066071
2723 13.198226
2724 12.182910
2725 19.174229
2726 9.514526
2727 13.778024
2728 18.512539
2729 14.085586
2730 18.048330
2731 12.527045
2732 11.325867
2733 15.613121
2734 14.648056
2735 14.917805
2736 17.845388
2737 20.536076
2738 16.692202
2739 19.706381
2740 10.444287
2741 19.062588
2742 15.075390
2743 18.504595
2744 10.764761
2745 18.468315
2746 15.053058
2747 19.336363
2748 15.351047
2749 14.311063
2750 11.465798
2751 14.468035
2752 23.105455
2753 8.586967
2754 19.004358
2755 11.067802
2756 15.259517
2757 18.572662
2758 10.803550
2759 13.406949
2760 13.572930
2761 14.450945
2762 15.330339
2763 18.843494
2764 15.999698
2765 13.407214
2766 20.325012
2767 19.531649
2768 15.581436
2769 16.810642
2770 20.231499
2771 10.384087
2772 14.969121
2773 19.117834
2774 15.487014
2775 9.627230
2776 12.484716
2777 19.268061
2778 17.452534
2779 16.703974
2780 16.305305
2781 16.277302
2782 16.291901
2783 12.735888
2784 10.754466
2785 15.041527
2786 16.543404
2787 18.301353
2788 12.636972
2789 8.134118
2790 18.104248
2791 14.987765
2792 15.813809
2793 12.319023
2794 12.937733
2795 13.427444
2796 12.954975
2797 12.735740
2798 18.570822
2799 16.821926
2800 13.792399
2801 14.653554
2802 11.505816
2803 14.245937
2804 13.693417
2805 16.769562
2806 13.469991
2807 16.046272
2808 17.233496
2809 18.916067
2810 13.594479
2811 17.687422
2812 20.005199
2813 17.628710
2814 11.712465
2815 14.507457
2816 15.898860
2817 12.883205
2818 15.453494
2819 11.769662
2820 15.481351
2821 12.737246
2822 15.721911
2823 13.118603
2824 22.638462
2825 12.164568
2826 14.400408
2827 12.512043
2828 12.449028
2829 12.040517
2830 16.952427
2831 10.188286
2832 20.065777
2833 16.131788
2834 17.008911
2835 15.078479
2836 10.644794
2837 17.604229
2838 15.490776
2839 13.113008
2840 12.797258
2841 18.021482
2842 11.500398
2843 13.403093
2844 12.453409
2845 18.887316
2846 12.441437
2847 19.048452
2848 18.636511
2849 13.070796
2850 18.938498
2851 15.345085
2852 13.059121
2853 12.145002
2854 13.312056
2855 19.016323
2856 10.010210
2857 18.750341
2858 12.413932
2859 19.752834
2860 11.753452
2861 14.043330
2862 14.623999
2863 14.500872
2864 16.079742
2865 12.857020
2866 16.332895
2867 11.739580
2868 16.816326
2869 16.575871
2870 14.663327
2871 12.155781
2872 14.641049
2873 15.613100
2874 16.913792
2875 14.331257
2876 18.354929
2877 10.814733
2878 10.079565
2879 21.900337
2880 13.155428
2881 15.702861
2882 9.640871
2883 12.815063
2884 12.988892
2885 13.364931
2886 11.851544
2887 16.964767
2888 14.361752
2889 18.581161
2890 14.241762
2891 14.823742
2892 14.814946
2893 22.381901
2894 14.786133
2895 14.698349
2896 14.585167
2897 16.595753
2898 12.083302
2899 18.414448
2900 13.955720
2901 18.279394
2902 8.215911
2903 13.894760
2904 18.067879
2905 21.124899
2906 15.897283
2907 17.868933
2908 18.727322
2909 15.700974
2910 15.128263
2911 16.539263
2912 19.900873
2913 19.280430
2914 15.125850
2915 14.747185
2916 23.170929
2917 17.075108
2918 15.399045
2919 18.648865
2920 15.434104
2921 18.772089
2922 12.485572
2923 16.941166
2924 12.804689
2925 19.859550
2926 21.833158
2927 12.727536
2928 17.976513
2929 16.548979
2930 13.461380
2931 17.087044
2932 14.877004
2933 15.923229
2934 17.124434
2935 13.640614
2936 10.776445
2937 14.426023
2938 15.842993
2939 14.455523
2940 15.993122
2941 14.223996
2942 15.919265
2943 16.351238
2944 19.414841
2945 12.111648
2946 19.007336
2947 12.492281
2948 16.553389
2949 18.380444
2950 21.025993
2951 17.008095
2952 13.985386
2953 15.582006
2954 19.493935
2955 12.478806
2956 13.303648
2957 16.763428
2958 17.635736
2959 13.076814
2960 14.568558
2961 10.307948
2962 14.692096
2963 17.150288
2964 17.410435
2965 11.689054
2966 18.504370
2967 15.129501
2968 14.603394
2969 17.576567
2970 17.394377
2971 15.711401
2972 14.459387
2973 15.767300
2974 14.976568
2975 16.896843
2976 20.442984
2977 20.407494
2978 17.339193
2979 18.664415
2980 11.079166
2981 15.940788
2982 18.935284
2983 12.946687
2984 13.535240
2985 12.649345
2986 20.538643
2987 21.843632
2988 13.383493
2989 17.254004
2990 18.042191
2991 16.019024
2992 11.727995
2993 12.648643
2994 13.795317
2995 22.146236
2996 16.961439
2997 10.677444
2998 14.279602
2999 13.289839
3000 17.791031
3001 17.336752
3002 10.031611
3003 20.167860
3004 13.459273
3005 15.959565
3006 19.049189
3007 12.190355
3008 17.258087
3009 17.716806
3010 16.221359
3011 14.661353
3012 17.144382
3013 18.398375
3014 17.868710
3015 10.111947
3016 19.336267
3017 18.888794
3018 12.962932
3019 13.894297
3020 15.460447
3021 13.664521
3022 18.394972
3023 13.158013
3024 11.773561
3025 11.724622
3026 11.553060
3027 14.948957
3028 25.209291
3029 16.132746
3030 14.903354
3031 15.968218
3032 9.230442
3033 14.231914
3034 11.518421
3035 12.377742
3036 16.731791
3037 15.870994
3038 13.347432
3039 12.101625
3040 12.450366
3041 14.892988
3042 21.352060
3043 16.276300
3044 23.015560
3045 16.320782
3046 14.278481
3047 16.426949
3048 19.455299
3049 13.276191
3050 17.275688
3051 14.081286
3052 12.443726
3053 18.032610
3054 17.595158
3055 15.874439
3056 18.393213
3057 13.442871
3058 15.879800
3059 15.016812
3060 19.979692
3061 13.581182
3062 12.841445
3063 11.963218
3064 15.255913
3065 18.199684
3066 20.345057
3067 16.120361
3068 14.962844
3069 14.183913
3070 25.712690
3071 13.251360
3072 20.477917
3073 15.932297
3074 16.686531
3075 18.057632
3076 11.952551
3077 13.611970
3078 11.112366
3079 13.865130
3080 17.494610
3081 15.233710
3082 13.154597
3083 15.768735
3084 14.719020
3085 15.335669
3086 13.410870
3087 12.149768
3088 15.481569
3089 12.702529
3090 16.370468
3091 9.681575
3092 16.026409
3093 13.191604
3094 9.813838
3095 20.884802
